3,22,14,6,0,18,8,18,8,29,29,26,4,10,9,13,-1,28,9,12,5,11,3,23,8,24,7,9,22,29,9,8,2,9,3
10,22,18,17,15,12,16,3,-1,9,18,17,9,29,8,13,17,12,14,5,22,28,22,25,3,23,19,16,8,24,-1,10,21,21,29
4,7,0,13,27,17,22,0,23,20,22,1,11,4,27,-1,4,10,20,29,3,3,3,14,8,15,4,21,14,20,26,18,5,16,19
18,10,19,6,15,12,3,13,24,27,4,14,16,3,25,27,4,15,28,-1,16,2,19,27,10,23,23,28,6,10,18,19,10,22,19
24,16,12,8,7,7,12,-1,23,5,13,23,22,2,9,2,28,28,17,22,3,20,23,4,18,4,5,28,23,8,27,16,15,29,4
15,15,21,25,29,6,22,5,1,30,26,13,8,10,25,-1,1,20,16,2,15,11,11,20,4,28,7,16,1,7,22,2,30,15,5
9,5,10,10,16,29,6,0,1,20,10,24,18,18,12,20,25,2,10,23,9,19,27,8,29,23,9,29,11,10,28,23,5,-1,26
2,27,-1,19,9,13,9,20,22,17,17,29,14,22,26,28,2,15,3,-1,30,14,16,3,10,29,26,25,20,9,27,14,4,6,22
0,-1,8,20,25,10,7,21,0,17,11,16,17,18,13,19,17,13,11,19,30,12,4,24,2,-1,14,13,5,25,23,0,11,21,27
11,30,9,6,24,28,4,16,9,8,21,4,8,0,27,9,29,19,27,29,15,14,11,11,19,27,1,-1,9,30,9,8,19,9,16
17,12,2,20,16,15,11,5,7,3,0,19,7,5,16,27,18,23,13,15,1,26,29,13,16,12,15,4,8,19,21,27,9,11,-1
26,7,19,6,26,6,28,28,25,-1,-1,29,29,21,10,16,26,26,27,26,-1,11,13,29,15,5,5,25,17,29,22,0,27,7,4
5,12,29,29,10,20,26,9,25,15,26,17,21,29,28,4,22,21,25,23,17,20,1,7,4,2,4,26,16,30,15,3,1,7,26
3,13,15,16,2,16,1,24,28,21,13,18,9,3,9,29,6,7,7,23,7,19,9,25,1,26,23,7,19,19,13,30,20,5,2
23,12,18,10,20,7,18,19,24,2,1,10,29,18,4,3,14,6,12,6,19,13,0,-1,0,17,29,9,13,26,18,8,0,7,30
15,11,15,24,13,23,25,3,12,15,6,13,27,18,11,23,-1,11,14,6,28,10,13,24,23,-1,3,18,3,0,9,18,0,15,25
27,19,24,3,24,16,-1,-1,26,26,6,25,10,16,4,26,2,-1,16,20,27,11,23,25,13,19,12,11,22,8,25,6,15,16,8
8,12,12,8,23,15,14,14,9,26,10,27,20,24,15,18,5,21,22,4,5,22,16,25,7,29,29,3,21,28,5,10,18,5,12
23,11,4,3,5,28,5,24,25,26,11,24,13,25,25,19,19,29,0,4,28,30,24,29,11,2,15,4,27,1,4,2,15,-1,20
4,10,24,3,4,25,18,-1,18,0,3,18,19,6,29,9,9,26,27,27,5,12,20,14,25,12,29,20,11,1,1,4,29,30,5
10,8,13,26,23,0,26,22,17,6,29,25,24,29,28,14,11,16,29,12,21,7,29,1,29,10,20,3,30,0,8,14,10,7,12
30,2,2,29,15,5,5,19,9,1,17,29,24,10,16,15,14,14,9,13,5,9,1,16,13,29,18,3,2,15,17,24,-1,28,27
30,20,8,12,-1,20,6,23,10,19,21,27,16,8,0,23,25,7,4,25,18,7,22,5,12,15,26,22,23,21,24,-1,18,8,8
27,8,7,7,13,4,21,13,16,14,8,15,17,27,7,22,30,25,10,29,10,19,22,8,30,30,26,17,30,26,12,12,24,3,30
29,9,27,12,21,11,12,1,11,29,14,9,18,3,8,17,6,10,26,21,16,22,2,24,1,29,-1,29,21,28,7,26,2,12,25
17,2,27,28,20,10,17,13,3,17,26,26,11,3,26,4,0,22,0,16,22,29,29,19,20,7,-1,0,20,17,4,27,17,16,23
30,18,8,10,2,14,14,5,15,18,-1,15,5,23,18,24,5,21,16,21,3,9,17,5,0,0,-1,15,-1,1,6,19,30,28,11
8,9,11,3,26,13,1,28,5,3,29,11,12,2,30,10,2,20,-1,27,30,1,13,25,5,21,27,7,10,30,20,13,3,4,27
30,5,-1,6,17,20,1,14,19,12,30,2,15,24,29,24,19,4,28,20,18,19,4,26,1,15,0,15,10,6,5,28,21,27,8
24,28,29,6,-1,30,8,26,5,5,9,-1,5,12,27,9,22,30,19,6,27,16,8,0,11,5,15,13,15,22,29,2,20,5,23
13,19,19,19,9,0,8,20,5,25,24,9,29,21,9,13,5,23,26,0,10,0,8,4,17,28,10,30,13,28,11,13,4,26,11
-1,29,2,4,4,5,22,10,24,13,22,15,28,22,0,20,8,1,0,28,30,25,18,13,24,22,9,16,7,11,28,14,8,25,21
12,-1,12,27,13,12,3,17,18,25,10,18,4,30,24,30,30,12,30,14,25,-1,12,8,16,24,20,30,15,29,4,18,4,22,1
2,25,0,29,25,1,5,22,30,22,20,29,25,28,20,21,0,15,10,30,10,9,11,8,27,17,12,22,16,0,30,16,22,18,11
7,28,9,3,0,11,13,19,17,18,28,4,22,3,17,20,5,19,21,2,22,0,25,0,18,17,21,5,19,16,1,7,28,18,27
0,0
34,34
end
