25,19,3,13,4,3,28,5,4,24,22,25,-1,15,22,14,23,17,5,28,29,20,5,26,22,20,6,20,9,3,16,9,4,11,30,29,4,27,29,25,25,10,5,24,25
18,25,28,12,20,16,6,30,16,-1,0,27,9,30,22,23,10,28,30,1,12,14,18,26,8,23,19,28,6,8,25,27,10,25,-1,22,27,24,1,7,24,3,6,0,24
0,5,9,25,22,20,10,10,25,8,19,26,22,14,15,-1,5,15,-1,9,19,22,10,20,18,15,23,5,25,1,20,13,28,7,26,2,8,29,22,17,0,26,24,0,21
21,30,1,28,14,30,28,29,25,25,24,3,1,15,15,12,2,27,30,13,1,1,28,23,-1,7,1,13,-1,-1,19,25,12,12,27,16,11,20,9,30,18,10,8,6,10
0,21,4,14,25,4,30,3,6,11,26,25,7,8,12,4,-1,2,8,7,3,7,25,20,27,18,25,20,25,26,3,2,12,14,22,30,17,0,18,5,0,11,26,10,5
30,12,27,27,25,13,23,26,18,30,10,28,22,10,14,9,10,22,0,1,10,19,11,7,13,24,1,30,1,1,28,7,4,10,25,19,28,29,22,20,21,5,11,9,6
9,28,12,-1,10,30,30,29,28,23,6,0,14,23,1,12,22,14,23,0,23,11,26,6,4,22,17,19,29,14,11,6,15,0,8,21,21,30,26,21,11,25,6,12,26
24,-1,18,30,18,22,20,6,27,-1,28,-1,24,14,13,6,2,5,1,20,26,0,14,7,8,12,7,4,29,16,3,2,15,30,24,5,-1,20,4,1,23,15,29,27,28
24,24,20,11,25,6,22,2,10,23,7,30,19,26,28,18,6,10,-1,8,13,16,5,3,8,17,24,26,21,27,-1,18,6,13,13,13,20,28,24,30,6,25,7,5,5
22,28,1,27,14,30,13,17,0,25,21,7,4,1,24,13,10,27,15,27,21,20,10,20,27,27,28,24,19,20,11,12,20,2,18,17,11,21,3,26,2,28,11,9,16
10,13,25,24,23,3,1,14,26,18,30,20,23,29,1,2,19,2,6,17,22,-1,22,5,21,23,2,8,15,9,17,25,0,0,11,16,6,17,12,24,9,24,20,2,3
18,30,9,5,18,11,26,5,1,12,-1,30,8,5,20,17,3,28,26,0,26,12,17,22,8,-1,8,1,21,10,15,17,2,2,24,17,5,0,14,5,13,21,7,27,8
28,27,19,27,2,6,5,11,4,2,12,26,8,9,1,13,0,18,2,0,29,28,16,3,20,4,19,12,3,9,8,20,3,8,15,18,-1,0,25,3,15,5,9,30,26
22,3,13,12,25,14,6,14,6,25,11,17,24,-1,30,19,16,8,17,23,3,1,25,1,24,2,-1,29,9,6,16,27,15,22,28,19,2,17,6,23,5,12,22,10,3
15,8,19,29,0,17,26,11,0,16,10,25,13,3,11,19,9,8,6,20,30,-1,8,29,10,9,14,0,17,11,27,9,26,15,16,30,24,21,26,1,0,9,13,6,2
29,1,5,21,18,26,14,7,10,2,6,8,13,30,22,24,21,19,3,30,29,25,27,12,2,28,26,9,28,18,27,17,27,17,9,-1,0,8,22,7,27,21,20,23,0
6,2,8,17,4,25,14,10,27,22,8,-1,9,10,24,27,18,18,5,0,5,0,22,6,29,10,9,27,23,10,3,22,27,13,30,14,2,10,2,5,12,4,10,30,22
21,5,24,6,23,2,23,21,14,8,11,2,4,3,9,26,9,16,1,6,24,2,25,25,0,22,1,30,19,8,18,3,0,11,20,21,20,22,11,-1,25,30,-1,17,29
26,15,27,2,18,15,6,8,29,22,0,24,13,24,5,16,15,9,8,3,7,25,26,15,16,19,-1,24,13,16,16,2,5,27,14,10,3,15,26,13,5,4,11,4,2
15,17,-1,9,29,13,2,6,8,17,20,11,22,5,8,0,6,29,24,24,25,29,23,29,17,21,15,14,30,8,24,22,20,10,25,14,30,0,0,16,6,14,28,2,23
26,27,16,15,0,24,4,28,23,30,13,0,2,20,6,22,15,14,4,27,1,22,17,17,10,21,7,20,28,16,3,15,2,5,12,21,13,24,-1,2,20,21,3,30,11
18,5,12,7,20,5,25,29,25,21,12,1,16,10,5,4,26,1,30,30,23,21,3,20,6,18,4,16,7,4,7,12,17,27,15,29,12,0,29,26,23,1,29,1,5
16,8,8,16,29,20,15,14,2,17,7,21,1,2,11,21,25,20,14,12,9,10,11,15,10,11,9,23,29,0,12,2,19,6,28,12,6,9,17,29,21,21,5,9,-1
27,2,21,3,25,2,18,15,28,23,28,19,3,2,25,15,17,26,19,2,4,19,14,19,15,14,10,16,25,25,5,19,7,8,15,11,3,3,1,-1,18,1,0,20,18
3,23,30,11,17,24,26,29,7,10,12,2,12,5,24,2,22,14,14,5,29,22,16,23,19,24,4,6,11,11,-1,21,28,19,3,4,22,14,21,30,5,20,23,22,15
23,18,18,14,27,5,8,26,19,7,22,15,7,21,18,8,-1,27,1,6,30,27,25,30,11,15,27,9,24,19,2,21,14,15,13,22,27,19,24,25,8,12,16,28,27
17,23,13,19,18,15,15,2,19,24,6,29,4,8,17,28,9,3,12,25,26,18,2,8,24,27,20,17,24,6,12,22,15,21,1,21,7,-1,2,10,21,28,13,12,22
1,1,8,10,28,1,5,13,22,12,5,21,17,4,16,6,1,27,28,30,5,27,26,11,14,17,6,12,0,-1,1,15,-1,21,12,22,20,24,9,4,26,27,6,23,2
27,29,20,3,12,15,14,12,2,29,23,18,10,30,4,29,1,12,13,29,14,7,29,25,19,1,17,23,17,21,21,12,5,4,19,7,8,29,3,8,21,27,3,1,20
25,14,5,30,11,10,20,27,29,30,17,29,16,16,21,29,5,12,2,8,9,18,5,8,14,19,12,26,29,5,11,7,10,21,1,22,5,15,4,12,29,14,5,30,1
25,30,17,15,20,-1,12,8,14,23,10,27,12,7,11,23,27,6,27,15,4,12,-1,15,6,19,0,11,7,26,7,10,-1,6,25,26,1,15,15,1,28,19,21,5,19
17,9,7,14,0,7,17,19,19,7,15,4,5,6,2,13,2,10,26,19,4,10,30,-1,26,15,20,4,10,29,25,14,15,23,22,9,24,25,5,3,14,11,22,1,23
3,8,26,27,4,30,0,13,-1,4,1,3,30,30,24,17,29,8,28,9,6,27,20,10,9,0,0,30,-1,7,26,-1,3,8,12,4,15,28,24,11,27,20,6,24,27
25,15,16,9,5,0,2,27,-1,29,0,11,10,0,26,8,9,-1,26,4,-1,13,12,28,9,25,29,19,27,5,2,17,30,9,19,7,23,0,28,6,30,8,10,11,29
3,13,22,21,10,20,8,9,5,23,2,12,28,20,14,1,27,14,13,6,23,11,14,10,5,21,23,4,0,12,6,25,2,24,15,3,4,0,20,23,5,29,4,11,22
5,5,-1,10,23,15,13,20,22,21,27,1,15,6,9,3,16,28,-1,26,24,12,4,8,29,2,29,12,8,17,10,28,3,6,17,1,14,1,0,1,13,15,5,16,29
23,21,14,13,1,6,17,14,12,9,29,19,29,7,27,8,-1,20,20,29,15,15,19,13,9,4,9,20,15,14,22,23,25,14,1,3,4,6,-1,4,1,1,22,16,3
22,13,24,30,7,30,12,13,13,-1,23,13,30,1,28,21,14,18,16,2,2,30,30,2,14,3,9,14,9,3,11,6,23,1,28,30,26,15,24,28,1,9,0,29,16
8,19,23,3,24,7,11,2,23,9,26,9,16,26,28,4,0,3,6,2,24,15,22,21,28,6,5,26,25,7,11,26,27,18,20,12,-1,-1,23,16,9,12,2,7,29
17,18,11,17,18,16,8,25,30,21,1,9,29,14,12,4,18,7,11,20,10,28,20,28,11,3,13,1,25,9,25,5,27,22,19,7,11,3,28,3,27,1,13,20,26
5,15,21,10,30,14,15,26,6,8,30,10,29,19,18,2,30,22,0,7,20,2,14,22,17,29,13,25,19,20,5,14,15,13,0,29,9,13,4,22,29,11,22,22,19
2,3,29,22,28,26,17,10,16,16,0,17,19,26,19,16,4,12,23,3,30,-1,30,29,18,10,0,17,5,20,9,19,7,11,6,28,3,13,15,24,28,-1,28,29,18
1,5,18,2,5,12,18,29,27,23,1,14,27,14,4,12,9,13,2,1,7,5,24,1,29,16,16,15,6,24,18,12,13,25,14,20,19,0,19,15,2,16,27,1,0
5,19,11,22,16,18,1,9,9,22,18,3,29,6,18,2,8,1,24,11,30,15,4,-1,30,21,4,13,4,15,17,0,26,4,2,25,15,3,6,18,25,23,20,13,7
20,17,24,25,28,17,14,27,28,27,19,15,8,30,-1,1,7,13,26,14,10,25,30,10,27,10,16,7,17,0,7,15,23,22,20,21,30,5,12,7,8,7,10,8,15
0,0
44,44
end
