24,16,10,9,18,2,23,27,14,12,24,8,6,3,15,17,11,16,-1,4,7,25,2,27,10,9,19,22,26,11
24,-1,27,21,20,18,13,9,5,15,15,5,28,9,15,5,21,27,23,-1,23,24,30,10,12,2,1,15,11,17
7,28,0,17,10,3,17,9,28,20,21,6,19,21,11,14,2,16,23,17,27,26,-1,6,28,6,6,26,22,19
8,25,20,5,24,14,11,28,14,29,23,1,7,16,22,22,4,30,14,19,29,25,14,7,16,19,26,19,14,23
6,13,11,12,24,24,14,-1,26,11,26,18,9,3,4,26,28,1,21,10,7,15,27,23,5,25,26,26,20,25
3,1,4,28,11,29,15,17,20,0,13,14,5,4,19,16,27,18,2,21,7,-1,23,25,14,10,5,4,17,15
24,1,1,17,20,17,5,1,27,26,9,10,27,25,21,14,6,11,5,14,15,6,25,21,26,11,9,28,14,1
22,24,4,19,11,16,9,27,26,10,11,11,24,15,30,25,11,7,20,1,21,29,12,18,2,5,9,2,9,8
22,30,15,12,23,14,27,17,12,17,19,27,27,5,27,27,18,0,29,19,30,8,2,24,16,4,2,6,28,4
29,18,18,12,3,22,19,24,7,0,23,26,-1,23,7,25,30,28,9,16,24,16,13,24,25,7,3,6,25,8
26,5,25,0,15,1,30,22,25,-1,14,2,3,21,11,4,7,4,25,19,4,30,2,-1,22,25,22,14,26,16
0,7,0,20,26,19,19,10,25,7,0,3,23,14,25,24,26,19,18,6,17,12,7,2,24,22,27,17,19,7
21,21,17,4,-1,2,25,17,0,10,4,28,1,9,25,9,9,26,20,24,8,0,-1,25,22,14,7,9,8,8
14,-1,1,6,25,9,4,10,28,26,11,12,23,5,-1,27,30,0,28,29,17,17,1,18,22,13,21,17,21,7
13,-1,8,25,12,9,27,26,1,-1,4,13,29,22,5,17,25,15,9,6,8,6,8,26,0,6,14,4,29,19
1,21,23,25,5,11,21,0,4,16,21,3,0,16,4,6,1,8,30,3,16,14,29,30,19,-1,9,18,17,30
8,23,8,9,10,12,7,5,4,5,28,19,10,7,28,22,16,4,27,23,2,24,8,3,20,19,2,27,7,28
7,15,2,-1,29,21,18,13,10,13,6,18,7,24,20,3,15,30,13,26,13,15,13,27,3,19,6,1,17,24
28,-1,5,29,6,7,17,17,4,11,17,3,11,2,6,13,9,1,26,3,18,15,-1,14,17,0,29,5,6,5
1,30,16,12,22,17,24,29,3,5,30,19,7,6,0,0,17,30,-1,12,12,25,21,2,0,3,9,13,12,11
26,10,13,12,16,19,5,19,-1,23,4,20,4,14,13,16,9,27,2,13,4,9,20,9,11,10,5,0,4,24
13,5,22,13,2,13,4,24,21,6,11,25,29,26,2,9,10,1,6,7,27,28,20,9,16,13,20,19,3,15
24,21,18,12,28,10,14,29,4,30,16,-1,2,12,9,2,4,10,8,10,10,22,10,7,23,14,21,8,10,1
11,1,19,13,12,2,25,6,25,9,7,13,10,28,-1,16,10,1,25,13,2,9,16,25,22,8,3,3,-1,14
3,-1,3,16,12,28,28,10,29,21,14,26,7,17,17,14,24,22,26,30,17,17,20,12,24,10,3,7,-1,11
4,12,6,12,20,3,29,30,6,22,25,25,22,28,17,14,16,27,15,13,29,0,24,27,16,16,26,3,17,29
25,19,21,29,9,26,16,5,18,14,20,29,28,6,17,27,15,17,-1,23,6,13,4,11,21,5,17,18,22,5
30,21,30,17,7,8,28,13,22,17,0,2,18,14,7,28,15,23,10,10,11,10,27,27,29,2,20,12,6,19
17,14,22,24,3,10,17,11,5,22,18,26,6,20,19,10,17,1,29,3,19,22,27,19,18,3,23,26,23,17
13,21,15,17,22,2,26,23,23,27,23,28,7,25,20,22,19,18,26,8,5,20,12,1,11,25,-1,11,16,7
0,0
29,29
end
