7,27,24,28,12,27,28,27,11,19,6,28,3,9,16,21,2,8,0,10
17,16,25,4,4,5,27,12,7,3,1,-1,15,1,0,16,24,20,0,24
12,19,23,14,18,22,17,28,21,3,-1,10,15,18,0,18,20,0,12,23
25,3,3,30,23,23,21,21,11,8,7,12,6,18,12,25,23,22,13,8
27,14,4,16,30,21,1,5,22,17,20,5,10,6,0,16,16,23,27,23
14,3,20,10,0,3,12,23,28,20,26,21,3,7,5,27,12,13,17,24
2,30,15,14,0,10,26,8,20,3,0,9,16,1,14,27,2,19,24,14
20,20,26,8,3,12,20,25,7,25,15,16,20,13,-1,8,27,10,19,16
22,5,10,16,16,16,24,30,6,30,30,23,6,30,13,17,9,0,4,16
10,11,19,11,0,14,15,3,11,3,23,28,10,26,3,17,13,13,9,12
13,17,7,6,26,14,27,21,-1,3,29,11,18,26,15,28,9,4,28,19
17,28,0,2,27,22,14,10,9,19,20,18,4,19,4,23,29,14,15,6
4,9,14,14,25,12,17,13,0,11,24,-1,5,25,29,15,7,24,18,8
13,24,14,23,10,21,17,12,18,23,15,21,27,15,23,13,25,17,15,5
17,21,7,25,27,24,30,27,7,11,1,27,3,16,18,18,26,20,19,-1
30,27,5,11,23,9,1,16,27,13,12,-1,30,10,25,19,15,22,16,2
12,11,-1,12,25,8,17,11,14,28,17,25,3,21,19,14,23,4,21,17
23,29,16,22,15,27,15,1,10,19,28,8,1,14,11,28,6,0,11,13
7,16,8,10,8,17,15,11,26,20,26,14,12,22,10,28,27,13,24,20
10,12,19,21,2,15,6,16,13,27,29,21,29,30,5,27,6,6,6,25
0,0
19,19
end
