24,6,10,27,22,17,17,8,1,1,13,14,2,27,15
27,26,5,18,12,12,24,20,10,11,22,15,2,13,20
12,25,27,19,14,3,3,30,30,14,16,0,24,26,18
11,27,5,8,11,6,6,13,19,6,23,16,30,11,7
18,16,14,14,11,20,16,14,15,26,28,1,19,23,17
4,27,24,27,16,18,12,28,15,19,24,10,30,16,25
3,1,9,27,-1,17,15,7,4,28,2,9,9,10,7
18,17,18,25,-1,24,30,0,1,25,4,27,21,14,0
7,22,3,17,27,6,21,26,3,7,4,18,3,27,8
7,26,14,8,20,24,0,14,26,5,2,19,28,17,6
9,1,30,3,30,17,11,7,7,22,28,12,8,27,-1
5,27,8,23,1,14,15,30,24,13,14,26,7,22,21
2,15,16,18,30,14,16,6,17,8,13,10,27,12,9
9,13,0,1,-1,23,0,13,22,22,23,13,3,19,5
11,14,7,9,12,14,9,29,22,13,11,3,4,21,16
0,0
14,14
end
