1,29,-1,21,7,26,0,28,13,16,20,3,15,10,23,24,25,30,12,11,17,26,-1,9,-1,7,26,18,25,11,10,17,26,11,27,26,2,15,6,14,12,24,5,13,24,30,13,4,22,16
19,7,29,30,5,27,29,25,6,-1,28,8,18,27,1,8,2,14,7,26,10,4,18,25,4,27,28,21,2,17,26,23,21,5,28,7,15,10,13,20,15,2,29,-1,10,2,18,30,5,24
17,20,15,26,23,24,11,0,7,28,9,4,27,21,12,1,7,16,26,29,22,11,27,24,13,28,-1,5,16,30,0,28,20,7,25,18,1,8,25,9,24,15,28,-1,18,5,27,3,24,22
-1,19,23,17,6,18,30,21,19,29,4,27,10,5,18,9,12,4,20,29,4,2,1,20,21,5,4,1,22,1,30,20,2,14,6,14,9,12,14,25,25,14,28,29,1,25,10,19,23,20
3,24,25,17,23,5,19,28,5,3,7,18,1,16,28,24,27,1,8,14,7,21,1,27,18,16,24,10,30,5,14,7,10,11,24,18,14,9,20,11,19,28,0,-1,8,26,4,24,1,26
9,3,13,22,7,28,12,10,29,0,4,2,0,21,30,28,23,2,26,24,29,0,12,5,13,6,18,3,-1,21,0,25,0,16,20,7,19,10,2,0,28,15,3,22,10,2,0,5,25,5
4,19,25,8,18,3,15,20,20,15,25,25,21,-1,6,1,10,23,12,25,7,15,30,13,13,30,11,28,15,24,27,5,1,25,8,23,2,28,11,9,18,7,10,13,8,1,22,24,30,25
15,26,2,24,27,3,4,19,29,12,28,9,15,21,22,18,2,23,-1,1,4,24,0,29,9,16,-1,20,16,12,24,15,25,30,1,30,22,28,10,13,8,21,21,29,21,23,15,26,26,-1
2,3,8,26,28,18,16,28,29,13,4,24,10,20,17,23,16,8,19,11,5,23,19,27,30,10,17,1,16,28,1,13,8,9,18,-1,5,19,17,28,1,22,11,26,22,10,21,23,20,7
23,3,24,13,9,24,1,20,18,4,-1,24,3,5,27,24,4,9,24,5,4,20,3,16,20,20,-1,2,16,21,-1,4,1,10,8,23,12,-1,4,29,1,22,2,25,5,16,30,29,1,18
8,17,2,14,19,19,9,3,4,14,11,11,12,7,4,9,23,2,9,4,5,27,25,23,25,17,6,11,6,10,15,1,0,6,28,22,25,-1,0,23,19,11,25,-1,9,7,23,21,18,10
14,16,21,10,18,21,18,27,16,17,26,12,6,1,20,1,30,19,10,15,9,8,17,4,11,4,22,7,8,7,21,11,25,28,4,25,7,25,29,10,12,19,20,19,22,8,13,14,-1,5
10,21,1,16,22,25,5,16,26,19,7,16,29,6,25,25,30,30,4,4,24,15,0,-1,7,5,-1,21,13,28,7,18,15,0,28,30,9,9,18,3,23,5,10,22,25,23,20,5,3,6
7,29,20,19,28,9,25,7,18,1,23,19,2,12,8,5,5,29,22,26,25,23,23,7,9,19,28,7,18,21,23,6,0,21,30,20,17,29,27,21,19,16,21,10,9,4,18,23,-1,23
-1,1,6,3,8,15,0,14,20,20,28,6,16,15,15,14,20,20,20,9,4,21,-1,30,25,16,17,4,20,15,18,9,19,23,25,6,6,30,28,22,19,11,13,8,27,3,8,18,18,13
1,25,20,20,1,30,16,26,29,23,25,15,5,23,25,25,7,19,16,26,15,8,24,6,9,27,4,4,0,0,1,7,16,2,5,-1,24,0,6,30,10,0,28,4,27,9,2,27,24,15
9,11,5,0,24,23,12,1,18,28,1,5,5,18,15,1,24,18,30,7,25,26,24,16,21,13,16,14,0,17,21,27,14,3,-1,23,20,20,12,30,18,-1,4,12,21,16,4,2,12,21
19,5,17,20,30,27,6,29,10,16,25,8,1,0,28,16,1,4,11,16,30,-1,18,17,28,25,5,-1,29,21,12,15,8,11,7,4,3,12,27,1,18,24,24,16,26,13,2,30,28,26
21,4,12,15,17,21,7,-1,15,12,29,-1,5,6,-1,4,-1,24,21,27,11,23,4,27,6,29,29,5,28,6,12,29,25,1,10,9,22,12,16,10,26,24,13,30,2,11,4,29,15,12
2,3,8,28,8,23,24,18,19,29,-1,23,10,28,8,6,4,1,29,24,6,14,14,5,13,0,25,6,16,21,10,1,23,2,11,30,24,18,25,28,28,5,0,29,4,27,4,12,27,23
21,2,25,9,28,3,30,17,11,28,19,26,6,13,17,19,2,20,23,16,7,29,8,28,13,9,3,15,11,14,27,4,12,28,5,10,23,22,22,28,29,4,5,28,30,1,19,-1,3,9
20,28,13,18,21,-1,26,7,7,14,8,28,23,9,12,27,9,3,20,24,27,14,8,1,6,24,8,18,12,18,20,7,-1,4,2,27,25,10,20,8,27,22,22,18,13,5,25,6,1,-1
3,2,3,15,8,17,0,10,11,30,25,3,25,23,6,6,18,12,6,4,14,4,11,1,9,14,9,6,9,18,4,24,14,13,3,0,16,13,22,3,30,6,5,28,20,11,9,6,0,2
2,24,4,15,2,23,25,19,30,20,10,0,22,5,27,17,8,28,8,3,15,8,28,20,4,18,13,30,4,18,27,14,23,16,20,21,11,14,21,11,20,2,7,10,15,1,28,3,10,4
5,11,21,6,22,4,27,1,8,21,14,11,11,19,8,27,8,24,11,15,8,28,1,11,1,14,-1,5,13,29,9,3,15,0,16,25,28,21,10,20,1,-1,27,29,19,6,20,16,1,3
25,6,13,10,19,16,7,25,2,0,1,22,27,7,20,18,15,0,14,9,7,2,17,18,15,-1,12,20,12,-1,14,3,0,21,2,28,0,2,11,19,2,22,2,10,5,12,8,25,26,5
25,16,7,9,28,30,1,16,2,7,5,1,18,30,5,10,22,7,4,4,15,14,3,16,7,27,26,14,26,12,16,7,12,28,28,30,3,0,20,21,-1,30,19,11,9,27,-1,9,18,19
11,17,11,8,17,7,29,26,30,-1,27,12,20,17,6,13,3,5,24,28,23,9,25,29,17,15,1,28,29,25,16,9,5,2,6,28,28,2,6,30,17,18,3,24,27,1,27,16,23,10
22,20,28,30,16,27,-1,11,14,12,26,24,24,25,27,30,13,7,8,24,22,23,6,24,14,4,2,7,25,21,2,24,17,28,-1,16,22,25,3,1,7,16,30,26,8,12,6,28,27,8
13,25,2,11,3,22,21,26,18,18,14,19,11,5,29,6,-1,14,24,27,16,21,18,28,3,11,24,5,12,2,25,29,12,29,17,14,23,23,10,3,14,19,27,12,1,10,27,0,1,12
24,14,6,27,0,2,28,12,17,10,1,26,23,12,15,13,24,12,22,10,0,15,1,5,15,0,18,1,0,20,23,5,4,15,15,12,30,-1,28,3,19,30,27,19,25,12,21,26,0,5
14,8,1,14,27,25,25,-1,15,16,24,7,20,7,12,5,27,10,21,24,1,-1,23,14,10,20,8,13,19,7,10,2,4,21,21,8,29,9,10,12,13,1,20,12,13,-1,18,4,19,4
15,8,16,23,18,7,17,7,17,8,7,23,4,4,17,25,1,26,7,26,1,19,23,26,0,20,16,30,8,27,20,5,27,26,16,11,2,24,4,10,15,0,7,-1,11,21,17,5,16,29
17,23,-1,27,1,16,26,10,21,28,25,24,1,28,24,21,9,16,26,24,2,6,14,26,11,27,20,5,16,23,20,26,4,2,22,14,4,21,13,5,14,30,16,2,8,21,22,26,1,12
3,14,15,9,0,0,20,14,25,7,8,28,14,13,1,4,9,4,19,13,24,21,24,18,3,20,25,16,25,6,26,23,10,27,23,19,24,4,27,0,21,25,9,13,12,6,2,1,17,8
4,3,28,22,2,8,27,1,11,9,1,17,17,17,21,30,27,20,9,-1,7,1,20,14,1,14,6,26,-1,19,7,29,17,13,19,22,29,19,16,16,15,-1,2,28,10,13,30,1,27,5
19,30,2,21,21,24,21,12,27,15,12,19,16,17,3,17,18,9,20,20,14,1,19,26,13,8,13,8,24,15,28,24,0,10,5,16,8,25,6,4,11,4,27,27,6,10,20,14,20,14
16,10,4,16,8,23,2,5,18,-1,-1,0,26,10,20,1,-1,5,0,27,23,11,21,16,2,19,5,23,8,18,23,17,0,23,30,22,17,3,22,2,0,0,30,13,24,14,1,16,17,12
6,22,20,29,5,9,23,16,6,15,8,17,26,28,5,22,7,18,8,13,16,17,20,0,6,26,7,10,4,9,9,7,-1,1,20,21,26,21,5,19,28,29,16,5,20,20,5,24,20,9
23,29,27,1,22,16,27,9,17,15,3,12,30,19,3,4,24,15,22,2,26,6,25,3,13,9,3,26,30,3,27,24,30,5,6,0,15,4,3,28,12,16,16,23,3,0,8,2,1,-1
28,24,30,17,14,11,9,15,15,7,11,26,26,4,21,26,0,1,13,7,15,13,16,23,17,7,4,3,10,6,24,0,26,13,9,-1,27,29,6,2,21,20,13,6,11,15,27,9,28,11
2,23,-1,19,3,20,28,3,30,30,23,18,29,27,26,22,18,26,0,30,6,16,29,16,10,-1,23,7,6,12,11,20,7,14,0,22,19,19,29,1,8,23,10,-1,14,5,22,24,3,13
7,18,18,30,30,24,6,-1,9,14,1,7,6,27,2,4,23,3,21,8,28,12,15,23,13,3,2,21,30,3,-1,6,0,29,23,17,19,13,6,16,4,29,24,8,13,11,-1,12,13,15
11,8,-1,17,9,15,28,15,9,24,8,27,14,-1,4,19,25,19,-1,5,0,23,2,26,-1,6,11,9,19,22,10,21,21,6,28,16,17,14,1,24,14,12,27,4,3,8,12,2,15,21
25,25,15,14,23,22,1,26,6,8,4,2,3,29,25,23,7,3,22,24,8,21,7,28,16,25,22,2,23,4,30,17,18,13,9,18,26,23,15,11,10,21,30,26,30,20,12,14,22,14
24,27,10,5,6,30,22,22,2,18,22,21,-1,5,29,23,21,17,19,28,1,21,1,9,29,13,10,14,14,16,22,2,5,6,28,30,10,22,15,29,20,28,12,20,2,10,13,28,18,18
10,10,13,26,24,19,17,0,16,28,2,23,12,30,17,19,14,20,11,16,11,24,23,29,17,1,13,0,14,15,13,19,12,3,26,24,17,30,27,26,3,5,11,13,10,29,7,0,3,21
22,25,7,29,23,13,24,6,20,14,5,28,12,17,1,27,26,21,19,30,3,13,30,26,2,3,-1,19,27,1,0,-1,10,29,1,0,23,28,9,28,3,28,29,3,25,20,7,3,5,22
19,3,3,10,0,27,5,10,30,6,3,25,5,0,15,18,26,-1,21,21,23,13,20,1,1,1,13,8,28,3,0,2,19,26,10,0,13,23,29,29,25,5,11,30,28,1,3,13,1,11
14,2,10,16,19,10,27,14,16,26,7,5,18,13,16,21,21,15,3,30,12,16,5,23,19,11,18,26,22,1,26,9,12,20,21,26,4,23,10,16,2,28,16,24,14,15,7,7,9,11
0,0
49,49
end
