-1,-1,-1,11,8,24,18,20,25,16,22,23,15,24,22,28,25,11,2,22,27,13,29,19,2
16,-1,23,4,18,15,1,19,23,24,12,3,27,-1,24,14,1,13,11,9,9,19,23,23,19
-1,0,23,2,23,26,24,2,20,22,5,1,24,17,3,22,5,28,8,25,5,4,24,6,27
14,27,17,5,21,13,29,27,12,17,25,30,-1,14,8,14,15,15,16,24,2,15,14,22,29
5,30,26,0,4,24,28,12,16,0,14,18,5,22,17,12,13,20,25,12,21,4,1,0,16
3,27,27,19,25,29,25,15,2,28,1,5,7,18,29,25,24,27,3,2,16,13,13,6,24
6,9,13,-1,28,8,17,25,27,15,22,6,30,16,29,0,17,30,28,7,12,12,23,15,29
22,12,28,7,14,17,11,21,0,2,23,10,23,28,11,22,26,10,22,11,20,27,27,13,11
26,28,13,19,8,19,9,24,5,30,12,15,12,5,25,3,11,21,21,14,17,19,22,6,8
29,7,9,21,12,13,4,10,19,15,30,15,14,20,13,6,30,10,1,1,20,5,-1,28,8
16,2,2,10,29,0,27,5,4,7,30,5,4,1,16,2,5,28,30,14,14,3,12,4,0
24,17,23,23,-1,6,0,8,9,1,11,15,-1,1,19,21,8,20,11,14,30,8,8,21,0
17,12,16,9,13,6,27,11,22,10,20,28,16,25,16,10,25,15,26,24,17,4,5,2,15
13,7,10,28,12,5,24,13,15,18,3,4,1,17,0,0,16,15,12,30,3,-1,18,14,8
23,16,11,26,8,7,27,27,25,5,13,8,0,7,5,27,8,29,21,10,-1,22,28,3,14
9,8,11,18,25,30,1,21,21,23,19,16,-1,-1,2,9,18,30,28,29,21,13,15,16,24
7,12,22,15,26,0,23,20,0,19,17,27,29,5,2,-1,14,12,17,7,3,7,9,6,19
28,26,29,27,1,12,24,25,18,0,8,17,19,27,4,9,19,16,9,2,17,7,22,27,14
1,10,11,24,28,6,12,8,18,-1,11,30,7,23,17,22,9,23,9,27,24,0,30,22,11
25,13,19,5,2,6,11,9,27,21,16,27,16,14,14,14,5,8,22,24,18,15,11,17,20
16,2,26,11,3,9,3,16,20,25,22,18,23,17,28,21,-1,14,4,10,27,4,28,30,21
24,1,3,20,2,12,19,21,15,26,24,21,25,22,24,17,0,0,8,1,20,24,28,16,30
19,17,19,11,8,20,9,-1,28,25,23,2,20,3,28,28,5,27,-1,5,6,8,24,9,28
1,2,17,14,22,13,14,21,3,16,7,8,18,8,17,29,6,28,8,10,0,18,6,8,23
30,7,5,7,7,17,12,17,6,27,16,23,0,27,13,12,21,18,7,5,6,8,3,22,4
0,0
24,24
end
