6,12,29,18,6,3,0,25,8,12,16,10,25,4,4,30,27,22,28,17,7,20,6,7,4,27,25,-1,24,19,22,11,22,11,9,11,5,22,11,17
26,6,20,24,13,2,21,23,24,-1,1,24,4,25,16,9,24,4,27,29,7,4,8,20,23,7,26,9,25,13,26,21,30,29,3,19,16,3,7,14
13,26,26,11,9,16,17,22,9,20,22,26,13,17,4,17,24,6,1,-1,5,29,1,18,22,8,17,27,13,2,1,5,30,-1,25,28,30,16,26,9
26,10,11,25,25,15,11,28,14,2,9,29,22,28,6,24,7,12,14,3,27,-1,4,7,21,26,22,4,14,19,14,0,5,2,-1,5,13,9,7,23
23,10,30,7,11,16,23,1,25,6,28,25,15,5,14,18,18,6,6,8,-1,2,18,5,18,13,-1,12,17,6,28,24,19,0,4,8,15,6,13,0
17,25,3,2,14,22,7,3,8,6,22,23,15,12,13,27,28,24,10,23,13,0,8,8,9,28,6,-1,10,25,6,2,-1,15,5,8,25,17,12,28
1,18,15,2,-1,7,6,8,-1,9,27,1,30,30,28,20,25,19,20,5,13,28,22,2,12,15,9,25,1,3,18,11,-1,8,12,6,12,8,26,21
25,29,13,27,8,23,1,7,27,30,23,21,8,-1,9,23,15,27,21,11,12,10,27,17,1,3,0,16,28,1,2,15,6,-1,22,5,2,3,16,27
18,-1,21,7,30,12,23,19,25,6,6,16,12,4,28,24,10,26,16,24,11,21,14,6,4,18,20,18,10,19,29,6,0,6,11,1,29,23,9,24
4,14,11,15,27,4,13,1,2,7,6,14,8,16,22,9,19,23,27,11,13,15,23,19,7,-1,0,6,16,3,27,9,19,30,9,17,21,-1,29,10
0,19,30,20,29,23,16,30,21,29,16,19,24,18,16,25,2,20,26,28,15,7,4,28,22,21,27,11,8,6,14,1,10,11,13,4,8,19,25,9
11,2,16,21,28,24,14,29,30,22,3,12,14,11,23,30,9,11,24,27,13,18,13,18,15,8,1,14,30,30,29,27,6,9,22,1,17,0,24,23
12,21,10,30,24,20,4,25,22,14,6,29,26,9,-1,-1,1,22,21,6,5,23,17,17,14,18,23,24,-1,-1,-1,15,12,9,28,9,17,3,19,15
8,1,24,2,10,1,26,-1,7,-1,21,3,10,19,6,30,29,23,19,8,27,6,6,5,19,19,5,25,8,25,15,1,0,27,4,0,18,28,23,2
8,1,11,0,23,17,20,24,30,16,28,12,20,22,11,14,10,12,30,8,12,26,7,0,14,21,16,8,16,25,1,20,1,3,8,-1,27,2,16,23
1,9,19,21,23,0,5,18,1,20,17,-1,7,9,17,13,29,25,7,22,29,17,23,3,9,-1,9,0,26,5,29,15,5,7,22,21,2,20,0,12
30,30,11,20,11,1,21,30,17,13,26,24,25,29,26,25,16,17,10,26,27,2,24,1,9,10,27,28,15,19,12,6,17,27,2,17,13,15,23,10
29,8,-1,1,18,8,19,26,10,30,3,7,21,30,14,13,30,4,15,22,6,25,16,29,6,29,14,29,22,-1,10,24,23,13,14,3,22,11,5,23
11,26,27,30,27,12,15,21,18,4,26,4,13,1,17,23,9,7,28,11,15,6,30,23,11,17,4,17,22,20,21,27,15,14,21,3,27,24,1,7
30,26,3,7,14,8,9,28,7,6,7,14,9,27,21,8,27,25,13,4,11,-1,3,13,27,8,30,9,0,4,19,10,10,4,28,14,23,19,20,-1
9,30,13,11,17,13,18,22,8,26,16,11,20,23,9,11,7,16,23,26,18,19,29,19,28,12,21,21,16,28,15,18,15,0,14,21,2,9,24,10
23,-1,27,18,25,10,22,3,17,14,26,24,16,30,24,23,19,13,11,8,0,15,28,25,24,30,18,10,15,21,7,6,30,7,-1,4,5,9,17,8
14,-1,28,20,7,12,0,10,16,-1,0,19,24,16,15,4,5,22,29,14,17,16,2,5,8,22,24,11,22,19,23,22,4,15,18,28,21,1,1,28
29,12,27,8,28,15,30,3,17,14,1,10,3,6,16,27,25,19,10,23,10,8,22,4,12,29,8,9,2,17,22,4,15,20,24,8,12,7,25,3
7,15,16,20,3,2,14,6,1,16,30,21,22,21,10,13,7,12,18,9,2,18,8,27,19,-1,22,20,4,7,10,26,8,8,4,7,30,7,29,10
13,10,13,19,2,4,5,5,19,17,17,4,9,22,13,7,12,28,11,23,6,7,1,18,8,18,26,8,3,2,24,30,24,18,25,11,26,8,26,-1
21,4,29,21,30,0,5,30,0,25,8,10,25,28,18,25,27,9,24,23,4,21,11,28,2,14,5,11,1,3,27,6,19,1,30,23,18,6,8,10
14,18,17,19,13,27,7,22,2,0,2,4,29,30,5,13,0,8,2,18,11,-1,19,20,8,5,18,20,22,3,-1,16,27,22,15,17,21,19,9,18
8,4,20,3,13,18,12,23,25,21,7,22,21,11,11,7,24,5,30,4,13,6,2,27,21,1,22,10,0,18,26,9,20,14,16,29,13,12,2,22
13,19,26,11,2,6,11,15,14,5,16,15,17,19,15,30,17,3,0,2,26,8,15,27,14,4,20,14,13,11,25,15,5,-1,21,16,-1,1,8,7
29,14,12,30,30,-1,21,10,7,28,26,30,14,30,11,27,6,28,21,10,4,20,21,30,22,21,5,21,4,10,14,19,8,18,28,18,6,8,30,26
28,3,12,15,4,15,5,-1,-1,11,20,7,17,20,27,27,24,14,0,9,3,20,21,23,29,14,26,16,17,17,6,0,0,23,15,19,7,17,30,6
15,12,5,26,18,23,1,26,9,18,29,29,20,30,24,20,18,19,26,25,5,-1,7,15,1,22,7,9,18,5,21,0,12,23,19,24,26,6,10,17
25,6,29,7,22,14,21,16,16,3,19,24,10,15,6,13,21,0,10,16,28,14,26,18,9,19,28,4,20,18,19,12,16,28,24,1,0,29,15,8
5,14,3,5,20,16,18,1,25,17,18,8,18,4,20,17,29,21,29,8,27,12,28,28,1,28,25,11,3,27,8,9,10,23,21,18,7,30,7,26
21,20,3,0,10,2,1,19,1,13,25,10,3,11,3,6,10,2,16,20,21,3,11,15,6,28,10,21,8,14,9,8,27,30,29,10,12,4,1,24
29,22,16,6,27,11,21,4,30,25,9,-1,10,12,3,22,1,27,1,16,11,11,3,8,14,6,25,3,29,5,16,26,16,6,13,27,28,11,16,9
11,4,22,7,18,28,23,20,29,24,29,10,29,28,12,24,4,15,12,10,14,26,3,25,19,8,12,2,24,18,11,15,9,15,27,8,11,5,12,28
9,22,16,1,30,10,19,9,1,24,4,1,-1,0,25,6,9,-1,27,8,16,28,6,25,18,26,23,27,3,6,26,26,5,27,8,24,23,22,22,1
10,30,16,9,26,9,12,28,14,24,9,10,5,30,18,18,9,18,27,17,4,27,2,20,27,1,26,11,11,28,1,0,16,11,12,10,26,5,23,3
0,0
39,39
end
