-1,1,16,24,0,25,14,17,24,24,12,13,28,12,9
22,6,22,9,0,3,28,21,19,3,12,6,2,7,19
8,-1,27,11,10,22,22,26,0,16,18,23,4,15,0
20,10,1,23,23,22,4,30,16,14,7,3,19,30,27
25,11,4,19,12,21,26,20,14,12,22,13,14,16,4
30,14,27,9,20,14,16,15,7,27,29,21,25,19,20
17,19,3,29,0,27,25,15,2,10,30,4,10,20,16
26,21,21,25,20,19,20,30,25,23,11,23,10,29,28
6,25,7,19,6,6,22,20,2,29,13,2,9,22,9
3,25,30,10,7,12,30,14,24,22,20,28,10,24,21
21,16,24,19,17,17,16,14,17,19,7,23,4,20,21
25,16,3,0,4,17,21,3,22,12,12,11,0,28,24
3,7,3,0,3,3,29,15,5,6,5,20,27,19,5
2,6,22,18,3,7,22,18,13,18,3,4,20,16,2
19,24,10,1,28,24,9,7,15,12,24,12,25,22,4
0,0
14,14
end
