0,20,29,22,1,21,17,1,15,3,7,4,30,4,13,8,16,1,20,17
14,5,28,10,16,4,26,25,9,14,10,4,7,9,13,7,16,22,9,11
10,8,27,16,20,28,10,1,30,16,13,8,18,12,6,28,27,19,18,30
21,16,28,21,14,-1,28,15,5,17,27,11,9,5,16,22,18,-1,22,16
9,17,3,21,25,19,22,22,8,0,22,28,15,5,-1,10,23,14,-1,6
7,17,25,19,18,26,1,5,23,19,11,14,28,1,18,2,4,9,13,-1
17,22,-1,12,23,26,28,5,0,20,27,17,2,17,13,23,26,1,19,1
27,15,28,13,1,17,7,3,7,1,30,25,10,0,23,15,20,28,24,26
27,7,25,8,27,8,11,21,1,7,10,17,11,26,10,8,15,14,16,5
27,14,21,22,14,16,1,16,-1,6,14,10,4,2,16,2,8,10,12,11
24,29,29,25,16,16,16,20,14,17,4,16,5,7,29,3,11,12,4,14
29,24,20,6,19,16,26,21,1,17,24,20,30,18,3,8,0,11,16,27
21,9,13,30,22,6,7,3,23,22,6,29,19,28,1,15,24,0,3,5
28,16,24,21,14,29,15,30,6,20,30,25,8,29,1,25,29,17,5,15
-1,12,21,24,6,26,23,1,17,6,13,15,12,18,23,15,0,6,30,27
13,24,20,19,18,29,27,5,19,20,22,29,25,26,13,-1,5,16,0,12
5,28,4,21,25,22,2,10,14,29,16,25,28,29,23,28,5,27,24,2
27,28,17,16,9,18,29,8,4,-1,27,19,29,27,10,25,22,11,5,-1
10,13,9,0,21,0,18,24,4,10,22,7,7,13,6,28,16,3,9,3
13,12,18,21,13,25,6,26,3,23,2,21,9,2,18,14,8,24,-1,27
0,0
19,19
end
