2,12,7,29,30,23,-1,-1,4,14,20,24,30,28,25,30,18,6,17,24,18,19,8,9,2,1,22,5,2,27,8,9,8,18,-1,25,11,17,9,21
13,0,18,5,4,25,27,29,14,4,12,15,24,14,18,16,3,3,23,30,22,14,-1,11,15,23,3,16,28,26,-1,29,11,8,20,-1,30,13,7,0
12,10,20,26,11,18,3,23,25,27,14,28,18,18,11,16,4,9,26,30,24,14,5,6,26,2,6,18,20,22,15,21,3,25,19,13,13,29,22,21
13,30,18,13,18,14,0,8,3,20,11,27,5,20,16,26,16,14,22,25,20,9,26,26,14,26,24,5,20,21,22,9,25,25,24,5,25,4,16,24
27,23,4,30,3,7,23,11,25,30,0,17,18,13,0,21,-1,26,25,28,13,5,2,6,0,5,11,17,15,-1,12,29,27,1,29,30,22,29,6,2
1,24,1,5,29,14,24,20,7,2,22,-1,28,29,30,11,21,28,26,29,7,-1,27,29,27,22,10,4,20,25,23,23,19,20,14,6,21,4,14,28
9,3,22,10,29,19,2,3,6,26,7,-1,20,20,8,28,6,26,23,11,29,13,21,29,17,15,9,7,28,18,24,12,24,11,14,3,12,30,26,12
17,18,24,21,3,3,10,17,23,17,5,16,15,14,2,-1,16,9,17,12,15,-1,12,22,30,27,28,2,12,18,-1,23,8,16,3,9,21,20,4,9
4,9,21,27,5,2,14,14,26,14,8,3,22,-1,24,10,8,3,15,9,23,17,29,3,26,5,6,29,10,4,2,26,15,28,28,15,28,30,25,14
6,17,16,8,7,27,17,2,-1,9,6,23,12,-1,7,22,24,10,8,6,20,29,24,25,16,5,8,29,2,4,19,15,12,18,21,2,2,2,21,20
2,12,16,25,1,0,23,1,29,-1,26,18,16,29,12,-1,24,2,21,-1,4,5,9,1,28,4,17,-1,3,15,5,24,21,17,25,20,20,23,13,3
27,5,19,2,27,19,21,-1,0,16,12,25,7,4,5,24,0,28,0,7,0,15,10,10,25,17,0,21,19,28,-1,1,30,23,-1,18,15,10,0,10
27,19,5,0,15,22,29,17,12,13,15,28,2,22,16,20,23,25,29,19,24,8,21,22,2,5,25,9,30,22,-1,15,15,10,13,3,27,22,28,12
7,12,17,15,5,28,2,14,20,26,8,16,19,30,10,1,11,28,2,6,12,22,5,10,0,8,1,27,3,7,2,7,29,25,3,5,20,21,5,13
20,2,4,5,30,18,14,19,23,17,28,3,6,16,26,11,0,20,6,16,0,17,14,8,7,13,28,-1,1,3,21,5,6,26,11,0,11,7,0,25
8,11,27,12,15,22,15,6,4,14,11,29,29,24,28,10,27,4,12,30,29,8,26,20,12,10,2,23,6,29,17,12,21,26,17,13,7,5,17,21
26,12,12,5,27,11,29,13,13,0,-1,0,10,25,11,26,19,29,23,14,21,29,5,27,3,20,2,17,3,12,22,29,7,14,13,14,21,29,18,0
22,5,5,9,29,10,24,6,13,12,4,26,13,7,24,13,9,22,3,22,25,7,17,22,18,16,10,30,5,3,10,1,8,24,9,18,2,2,9,5
3,29,27,4,15,12,20,20,10,21,18,3,15,3,-1,22,-1,14,19,30,7,0,8,13,15,19,28,2,26,2,16,13,24,25,12,15,10,11,10,10
10,-1,9,26,30,-1,5,17,14,18,30,18,22,20,-1,3,28,6,20,21,21,4,14,16,15,15,5,8,30,1,17,21,14,20,4,-1,22,19,15,27
-1,3,25,26,11,0,24,29,23,2,2,16,11,0,11,15,6,6,23,21,18,16,8,29,7,26,13,30,24,17,8,27,9,6,11,-1,12,22,-1,15
12,20,29,28,19,4,15,24,26,20,22,22,16,2,29,9,2,28,26,3,24,13,25,9,2,10,25,1,21,8,29,28,12,24,3,26,29,22,16,18
1,6,23,2,22,13,13,-1,-1,6,18,10,1,10,10,17,26,28,14,29,8,22,12,14,16,10,24,9,6,20,14,20,2,8,19,6,11,9,0,14
10,24,14,18,0,29,19,24,19,5,20,5,23,8,11,17,16,5,22,18,5,1,20,29,19,4,12,13,13,22,3,4,13,-1,8,12,14,24,24,18
19,12,15,2,15,30,19,23,30,22,1,8,7,17,11,7,28,7,20,4,15,11,20,24,2,16,11,0,17,27,0,11,8,25,19,16,30,19,16,23
24,10,27,2,0,30,25,22,11,24,5,14,0,10,13,23,27,1,5,1,22,29,5,2,2,22,29,14,-1,2,23,12,23,16,24,13,9,13,8,10
-1,1,13,18,3,10,14,30,3,29,22,13,7,0,14,13,16,15,27,27,2,13,4,28,9,16,29,5,5,9,5,29,7,22,18,22,22,24,17,19
10,1,1,23,28,27,14,18,2,8,9,6,1,13,11,4,7,25,22,0,13,11,16,26,13,10,2,9,8,18,13,30,0,21,3,15,22,9,30,17
19,13,25,24,7,23,29,19,12,15,25,20,16,8,30,0,7,13,1,10,22,28,13,8,30,11,12,21,21,13,0,21,3,2,15,11,10,10,20,11
22,7,1,10,24,28,30,26,28,15,27,30,4,3,9,20,29,5,0,-1,28,8,23,2,6,15,15,4,6,20,10,29,15,2,14,22,12,23,15,24
19,29,12,2,17,28,6,13,6,19,3,20,10,23,12,15,10,27,17,6,0,0,6,0,24,7,3,7,26,4,13,28,14,4,18,17,18,26,11,9
16,4,9,19,17,22,8,4,18,4,29,30,15,4,15,20,12,25,25,7,11,18,23,28,9,23,7,3,4,22,7,1,-1,24,30,17,21,17,27,3
3,29,1,24,30,10,27,27,1,20,13,7,10,24,3,26,22,24,7,8,16,9,3,10,10,25,22,10,25,5,30,19,27,15,16,8,19,22,14,29
3,17,10,1,30,1,25,28,26,22,14,25,21,14,15,15,25,0,3,26,19,6,19,20,3,13,6,10,5,2,14,29,22,16,6,21,-1,27,14,19
9,18,6,23,7,15,21,2,8,29,4,23,2,20,13,21,5,8,23,19,16,23,30,29,21,3,-1,20,19,8,15,14,28,10,3,0,8,29,2,16
30,4,20,4,1,21,29,2,12,16,9,3,15,12,1,19,27,28,0,10,9,13,26,12,8,16,5,19,28,12,20,18,29,16,2,16,22,7,4,1
13,23,6,14,-1,16,25,30,12,20,3,20,21,9,2,0,1,3,6,7,21,12,10,-1,2,21,22,27,3,8,9,9,20,6,16,23,9,12,12,12
3,6,9,7,15,2,29,0,1,13,7,19,16,10,-1,25,2,12,11,24,17,29,14,18,18,21,28,8,30,10,3,30,9,18,6,8,11,28,23,6
30,9,20,8,29,1,4,15,25,0,30,17,13,18,6,12,15,28,26,17,18,25,30,1,30,22,26,19,28,0,-1,5,11,13,20,28,16,29,27,30
5,23,6,10,1,13,18,21,16,14,22,30,0,2,24,6,14,22,1,3,23,24,19,2,21,4,14,14,16,-1,23,26,25,20,6,26,8,26,15,2
0,0
39,39
end
