13,26,20,28,11,12,17,0,8,1,10,1,25,17,1,-1,14,2,28,17,1,8,23,23,27,17,24,6,4,29,19,5,3,5,6,29,12,6,28,28,18,13,19,5,13
30,27,21,29,3,24,0,3,23,3,-1,13,28,15,1,13,30,21,23,25,16,3,17,23,12,30,18,4,14,-1,21,20,17,18,19,25,2,10,12,7,14,21,28,27,3
26,11,19,15,10,23,2,1,17,14,24,15,3,18,3,27,9,16,16,29,29,19,17,23,6,3,2,-1,23,1,2,9,24,9,29,30,6,23,7,17,-1,16,3,20,19
19,22,11,12,27,25,8,9,12,21,8,0,11,2,23,14,26,13,27,12,29,30,19,16,0,22,27,22,2,6,0,22,17,-1,7,25,18,16,12,21,23,23,1,-1,29
-1,24,28,27,26,29,19,27,3,9,21,18,5,4,2,12,21,21,11,5,6,27,13,12,21,1,21,6,10,9,22,10,-1,6,7,6,-1,1,2,12,12,4,8,17,11
4,3,23,26,9,1,27,7,22,24,30,26,26,5,16,18,1,17,6,17,24,8,18,10,2,12,5,10,12,21,15,18,4,24,4,27,22,11,21,29,23,13,25,2,26
2,17,5,5,7,11,28,7,20,22,2,5,1,14,30,10,30,19,0,17,1,12,12,27,-1,12,29,19,4,26,19,4,17,19,9,25,4,19,10,27,29,1,7,0,20
28,26,22,7,18,3,28,1,24,15,24,13,3,4,13,18,8,10,24,29,28,-1,16,1,4,24,6,4,22,5,29,9,13,10,13,3,4,28,27,15,23,11,13,20,10
7,12,20,12,20,24,7,16,18,16,30,28,5,4,8,30,2,11,1,0,0,17,19,11,22,9,23,23,24,3,30,14,4,5,14,9,3,23,14,4,20,17,23,3,10
0,4,24,4,2,13,6,23,11,6,14,3,20,3,21,10,7,24,8,25,14,13,11,1,9,29,14,5,14,22,17,6,-1,26,1,24,17,14,17,26,20,9,3,30,20
-1,7,20,0,25,0,23,19,13,20,20,1,21,7,28,5,22,20,22,9,30,0,22,9,11,3,30,18,29,7,5,-1,18,13,5,13,10,19,10,0,26,10,13,12,30
12,29,28,20,24,21,11,4,14,0,29,-1,12,16,6,5,8,5,14,15,12,16,13,20,26,11,2,3,7,29,21,-1,14,22,14,21,22,16,28,16,-1,13,4,6,10
10,13,27,18,14,20,26,13,1,3,13,20,20,18,-1,4,26,20,9,6,10,16,17,29,12,14,12,29,14,5,1,21,11,11,28,8,16,6,8,28,-1,27,0,9,28
4,3,7,24,4,-1,10,9,22,29,-1,29,28,9,27,19,0,7,24,17,3,24,7,0,15,14,25,15,24,-1,28,13,5,26,21,8,2,14,20,30,27,25,30,2,18
25,18,29,7,0,10,7,11,3,22,0,16,3,21,21,26,14,29,25,22,30,14,21,9,6,28,17,13,26,26,18,3,2,5,9,14,1,11,-1,14,19,11,27,30,11
19,21,13,19,11,9,27,8,10,28,20,1,10,30,6,10,15,17,15,5,22,25,7,7,22,10,19,7,14,4,24,22,-1,22,8,2,0,6,4,0,4,5,15,9,12
11,26,28,-1,13,19,17,2,14,15,21,8,19,9,6,10,27,18,-1,24,0,14,1,15,30,7,18,27,2,29,5,28,16,30,19,2,12,3,17,29,27,8,29,13,18
7,27,4,6,1,26,1,29,4,15,17,16,16,11,24,3,10,2,6,20,9,9,10,30,11,28,22,0,5,9,4,27,5,27,17,7,0,13,11,9,3,19,7,24,2
18,11,15,30,30,19,7,24,1,13,19,28,1,1,5,29,16,9,11,11,9,11,14,5,14,7,7,20,24,-1,29,20,8,8,0,24,30,21,15,0,17,10,6,14,1
11,25,24,-1,3,-1,12,-1,28,13,12,15,26,11,-1,15,28,2,14,2,10,3,1,10,28,17,26,10,1,19,10,5,28,4,0,-1,2,25,28,9,16,22,3,2,-1
14,16,17,4,26,28,25,1,5,7,10,2,18,6,13,10,18,12,25,1,0,10,18,11,26,17,15,8,7,27,23,17,11,16,25,6,-1,1,11,-1,25,1,24,24,12
16,21,7,16,21,4,15,25,26,24,12,25,6,13,10,20,13,10,28,7,27,10,16,30,27,19,23,11,10,5,13,7,8,11,14,2,3,25,3,28,11,8,-1,4,29
19,30,30,20,24,12,28,25,0,6,15,22,6,29,21,12,28,1,24,16,8,19,17,0,14,4,15,24,26,9,16,10,2,26,18,22,21,3,12,25,11,27,17,3,5
12,28,3,8,18,24,26,26,21,25,24,5,29,7,30,21,13,21,13,30,19,25,0,27,9,14,30,21,9,25,8,21,28,15,17,12,12,5,30,20,9,6,13,26,29
13,7,0,6,7,17,13,24,15,2,3,22,13,24,29,7,14,25,14,7,4,22,26,5,22,5,24,7,0,15,19,26,19,23,24,29,3,5,16,9,21,11,-1,15,2
2,28,15,3,28,-1,7,18,10,10,9,3,9,15,14,9,27,-1,9,11,17,16,29,9,5,22,0,13,14,1,1,4,17,21,4,18,19,10,11,18,23,3,4,28,6
15,13,24,8,22,8,12,30,16,12,16,11,19,25,4,11,27,28,9,18,21,13,4,25,29,25,14,27,28,26,7,26,3,6,10,24,1,29,4,21,5,11,29,9,25
11,11,9,28,2,7,2,12,17,19,4,9,24,11,29,10,1,13,1,1,23,14,5,2,24,25,7,11,16,24,29,5,26,8,16,3,-1,0,22,13,10,4,2,2,21
22,8,24,14,22,6,19,0,5,6,4,3,28,11,24,16,28,15,3,19,3,5,1,13,30,24,13,28,10,11,21,18,29,29,30,30,29,11,19,26,22,14,14,0,25
21,8,13,20,1,3,23,19,24,28,8,26,25,24,21,17,17,10,10,23,24,25,3,21,0,13,5,-1,27,10,5,16,28,10,10,2,2,16,4,-1,20,27,16,4,10
28,0,23,14,23,27,24,26,6,7,8,19,22,19,14,16,18,21,23,25,25,9,18,24,25,1,12,5,29,27,24,18,19,18,30,18,3,14,24,2,14,10,22,5,25
4,26,12,20,22,4,2,13,5,21,23,22,21,0,2,2,19,1,25,24,0,3,30,16,10,9,19,0,16,28,0,23,5,10,1,28,1,15,29,1,-1,8,25,19,21
9,5,3,1,-1,22,23,0,17,26,11,24,2,2,24,2,16,18,12,4,16,2,16,2,18,14,17,13,-1,28,17,6,15,14,29,-1,26,21,9,17,0,27,24,7,11
18,13,1,27,26,29,0,7,-1,0,10,-1,4,5,26,24,14,14,14,13,26,5,0,17,13,22,22,8,22,11,4,26,25,20,21,3,17,7,-1,20,14,22,13,5,30
2,11,24,-1,28,21,10,30,29,12,25,18,23,24,20,12,26,17,4,29,7,21,14,23,23,12,14,19,0,22,6,23,8,9,18,16,3,21,30,9,6,3,15,5,26
0,29,4,1,8,7,11,25,18,4,22,13,20,13,17,-1,4,11,15,22,15,7,9,27,2,19,24,9,20,16,30,30,21,17,12,26,16,12,16,6,25,27,6,12,26
15,4,12,17,1,21,29,5,20,0,10,12,-1,14,-1,-1,26,14,18,12,23,3,15,12,21,17,26,3,3,1,16,4,21,6,25,30,13,17,9,1,9,4,26,17,19
10,17,6,11,5,17,3,22,26,4,30,17,27,11,2,5,9,21,20,-1,3,25,5,28,12,17,25,19,30,4,27,6,20,24,27,5,14,30,26,1,21,14,4,26,21
9,21,23,3,20,10,9,16,17,2,19,22,17,3,2,20,17,-1,23,27,13,27,3,17,12,6,16,21,6,18,7,20,20,12,9,6,24,12,7,17,30,27,23,8,23
26,6,19,10,3,23,5,4,21,3,13,1,14,4,6,10,6,12,7,5,23,13,8,19,26,0,22,24,11,8,16,26,3,18,2,13,22,25,19,0,2,4,18,6,-1
20,7,4,9,11,17,7,23,21,8,28,23,16,3,7,8,12,28,0,14,20,13,21,20,25,17,19,7,24,24,23,2,28,7,19,24,8,11,3,-1,19,30,23,18,20
16,27,30,3,22,2,29,27,2,5,23,17,0,14,11,14,14,24,-1,25,16,10,22,9,20,18,19,4,10,24,10,20,20,17,26,30,20,20,4,16,19,7,23,13,22
29,16,22,21,3,14,30,6,9,22,15,22,18,30,26,1,11,1,7,2,27,22,7,23,16,25,30,16,12,19,19,15,13,8,-1,6,-1,-1,26,27,5,4,0,16,4
0,4,6,7,11,29,7,19,9,6,10,15,1,-1,13,21,26,25,16,16,10,23,6,25,-1,15,2,26,4,22,26,12,10,9,17,20,29,10,19,5,9,25,8,3,18
-1,19,6,13,21,1,0,-1,28,11,5,17,27,2,18,23,26,24,13,4,16,28,11,6,6,30,27,21,18,24,14,12,1,-1,18,0,27,13,7,9,17,19,17,-1,21
0,0
44,44
end
