18,25,13,2,8,5,15,25,4,-1,10,30,22,19,22,30,11,29,4,26,20,3,7,26,19,28,20,23,9,16,13,13,12,8,13
25,29,20,25,5,29,12,23,20,27,1,7,5,4,18,27,22,6,1,2,9,17,-1,12,12,14,12,15,7,7,7,15,14,10,9
20,30,4,3,20,8,12,15,-1,2,13,16,7,1,13,4,21,21,1,10,7,7,10,9,13,4,18,5,29,17,5,28,9,2,12
15,6,13,18,29,21,7,11,27,25,13,15,0,17,13,10,18,1,29,7,1,8,9,9,13,26,7,30,23,13,1,22,10,7,29
30,16,10,9,13,0,18,18,11,17,28,2,2,24,25,8,11,0,25,20,12,7,20,14,30,9,8,22,30,26,13,28,17,18,18
13,16,21,4,21,25,15,12,-1,5,8,19,7,6,5,3,26,-1,24,22,10,7,6,18,19,16,4,22,22,21,18,5,8,10,22
21,20,28,10,15,17,3,1,15,30,14,20,6,24,-1,21,28,7,22,-1,27,1,18,13,10,29,16,22,20,18,9,5,12,23,22
19,-1,3,25,21,21,27,28,19,19,3,21,16,11,2,5,16,17,23,8,-1,30,19,26,9,6,0,24,17,0,15,6,29,8,30
4,1,29,19,-1,17,4,11,14,15,7,28,4,5,19,14,3,24,3,0,9,6,10,16,15,18,11,9,21,-1,2,3,16,7,24
6,23,2,20,25,2,25,8,15,23,13,10,8,18,7,2,8,4,10,7,7,20,28,2,16,16,14,21,22,24,27,30,18,7,3
1,6,8,30,9,9,16,27,11,19,23,17,17,3,20,23,22,4,25,27,30,9,30,27,11,-1,24,13,30,28,15,1,30,4,13
29,10,30,23,10,21,0,-1,2,1,27,11,-1,17,18,26,0,4,18,6,17,-1,9,21,6,14,26,3,16,15,8,13,3,16,29
13,26,7,0,2,19,18,9,24,11,16,17,9,29,29,19,9,16,0,5,15,4,12,23,4,2,18,6,16,14,14,7,10,28,25
24,14,16,2,24,8,19,4,10,5,26,10,26,24,13,13,3,15,0,3,15,16,27,15,6,9,11,25,4,12,11,28,29,0,2
0,27,22,14,13,23,18,25,17,18,2,9,-1,20,0,27,16,5,13,19,3,26,6,7,5,10,5,26,27,-1,11,11,9,22,1
7,20,25,1,25,16,21,1,25,13,20,5,29,7,8,10,23,2,25,5,3,2,12,13,28,13,22,9,11,1,2,-1,17,3,22
27,27,26,26,29,23,2,27,11,23,13,12,26,4,16,-1,27,13,10,5,10,11,27,19,28,1,2,23,3,6,26,10,17,27,22
8,29,13,3,14,11,7,21,8,27,0,22,23,27,13,15,0,19,8,23,5,17,15,1,30,1,1,10,9,19,27,19,3,30,4
3,5,12,24,21,12,30,4,24,13,5,1,14,1,2,12,15,24,23,12,11,11,18,26,17,10,4,17,20,26,14,6,24,10,17
5,12,3,28,8,20,21,29,11,21,12,4,20,2,21,19,3,21,20,11,20,3,12,29,7,27,23,11,2,28,3,20,27,16,1
20,7,-1,30,6,21,27,23,26,10,-1,26,23,4,1,1,9,27,28,5,22,29,2,18,30,29,4,29,15,19,8,24,3,21,7
11,13,29,29,23,22,18,-1,18,11,7,7,29,18,25,12,25,13,18,13,22,27,17,15,8,26,14,0,5,2,-1,20,15,-1,4
13,26,27,19,9,12,3,20,29,20,26,25,13,22,20,1,19,21,14,16,10,0,11,26,20,7,22,22,29,21,16,1,11,2,8
0,30,12,3,18,25,24,10,14,1,20,0,1,24,25,19,10,24,28,12,1,2,16,19,4,30,25,21,-1,-1,10,5,2,16,3
1,23,3,6,14,9,14,23,2,21,28,-1,18,1,2,27,3,2,21,30,30,25,-1,10,26,25,23,9,13,17,2,0,0,2,22
12,17,27,2,3,7,22,4,11,1,8,7,20,3,5,13,15,0,23,3,9,0,13,4,29,14,23,24,30,3,28,30,26,7,9
22,6,7,4,14,0,18,6,5,5,24,25,27,11,18,3,30,25,10,27,2,30,13,5,17,21,30,22,13,17,25,22,9,13,9
29,18,11,9,13,24,22,11,21,22,30,16,16,21,4,16,6,8,21,19,16,29,4,-1,6,5,30,9,28,8,17,13,26,13,15
4,1,21,-1,29,25,16,13,17,27,22,25,8,1,15,22,21,26,17,15,14,8,28,12,24,1,25,22,17,27,10,20,14,-1,9
25,28,26,22,20,9,3,28,25,-1,21,1,26,8,9,29,16,17,3,28,10,-1,15,21,6,24,24,11,11,10,30,10,23,28,27
23,5,17,0,7,3,15,26,4,23,29,10,25,2,22,5,24,8,9,7,17,19,-1,20,5,27,18,4,6,9,9,9,1,30,5
20,27,29,10,18,19,25,12,26,28,1,4,2,5,4,25,26,5,22,15,13,24,16,20,15,5,10,22,3,0,17,13,3,17,7
13,8,27,1,-1,4,7,4,13,14,10,18,10,28,13,16,1,26,20,18,0,27,8,22,14,5,0,6,0,17,29,13,28,15,26
17,14,3,18,8,29,21,26,15,19,1,11,9,3,17,24,24,0,10,5,7,18,0,-1,3,0,0,10,8,20,28,26,25,25,28
18,16,10,5,3,30,5,10,8,15,5,24,26,6,3,19,26,0,2,10,26,19,6,22,16,23,29,23,21,27,5,23,1,8,20
0,0
34,34
end
