24,0,17,13,14,7,29,22,29,1,12,9,26,7,5,9,4,5,17,4,17,13,18,27,24,5,15,5,28,20,23,30,6,7,27,25,13,8,26,0,25,22,4,29,13,16,14,2,3,9
0,25,27,1,29,30,1,25,12,30,7,17,7,25,14,28,12,20,2,8,18,2,28,6,27,15,22,15,-1,0,24,30,17,26,13,12,14,18,19,11,13,24,26,1,20,6,25,0,6,5
23,0,30,30,29,18,17,4,17,2,16,16,11,3,28,25,3,30,25,23,27,4,-1,6,18,27,30,5,2,1,22,4,25,29,9,24,28,20,20,15,8,0,12,0,7,18,3,30,7,0
0,-1,13,25,9,11,24,0,11,1,8,8,4,29,29,22,12,24,17,0,10,13,15,5,24,15,15,3,29,4,16,19,24,10,0,21,1,16,28,-1,9,30,2,9,27,10,20,0,17,18
4,22,18,2,21,13,22,19,26,13,17,0,11,28,-1,14,3,24,1,5,10,21,14,24,16,28,21,17,10,9,24,15,16,29,14,2,13,8,7,10,24,24,24,27,28,11,9,25,2,7
28,29,29,26,2,28,10,1,8,2,13,8,4,19,13,30,2,28,17,17,26,0,23,28,21,6,6,27,24,7,25,20,10,27,13,12,25,21,5,27,12,8,20,27,11,26,28,22,20,12
5,11,13,11,13,24,12,4,27,13,10,-1,18,9,30,23,10,21,29,25,9,7,12,19,30,2,0,28,23,10,19,23,3,22,23,19,14,10,30,16,21,9,14,23,17,6,24,11,22,12
7,17,4,8,23,8,21,2,6,22,27,23,16,12,9,24,18,19,15,17,29,6,19,9,0,12,13,21,26,15,18,21,28,7,9,8,-1,27,6,30,5,28,25,13,3,12,13,16,11,5
8,23,7,16,-1,10,20,0,16,15,11,26,12,27,14,8,3,29,4,25,14,7,0,1,9,12,15,29,12,5,0,24,17,4,14,6,12,2,8,24,8,23,19,22,20,4,11,5,13,4
18,0,13,6,6,3,23,15,6,3,3,23,17,5,17,16,5,5,17,19,8,19,13,26,16,22,0,19,20,24,27,6,7,4,17,20,30,21,30,16,-1,12,4,2,7,30,13,24,4,1
25,10,5,2,10,8,19,17,1,23,8,25,16,28,7,11,2,29,12,19,5,22,17,19,8,-1,9,9,11,10,2,24,25,6,11,11,8,20,18,10,30,23,16,4,1,25,0,0,13,6
28,1,9,-1,7,6,14,1,16,18,18,-1,3,11,26,26,23,1,27,27,19,29,1,-1,2,3,19,4,8,5,24,28,-1,17,10,7,2,2,29,23,19,25,15,1,21,30,30,24,24,19
-1,18,-1,-1,13,8,5,19,5,28,12,2,22,12,29,20,11,0,17,16,20,-1,18,29,12,1,3,1,18,17,23,7,15,-1,12,25,12,20,23,5,1,17,7,21,6,-1,21,13,20,24
21,17,2,10,12,8,-1,15,30,4,25,6,12,0,29,19,11,14,20,11,23,12,12,14,14,14,6,10,23,22,10,18,9,10,19,2,-1,20,10,18,22,30,19,0,15,20,5,17,6,8
1,9,25,6,4,15,2,27,28,19,0,14,12,15,8,15,5,1,16,19,29,24,13,9,8,18,25,8,25,28,10,18,11,11,24,9,8,1,9,9,11,21,21,8,11,5,1,21,-1,11
15,5,3,7,14,2,28,21,25,0,19,19,12,30,13,17,26,16,0,13,-1,13,11,17,5,13,0,11,7,-1,4,21,7,5,21,2,7,28,7,26,6,24,9,16,14,10,9,28,30,6
18,0,12,26,26,22,22,3,14,21,26,4,3,6,0,29,24,26,26,10,1,5,26,30,11,-1,21,28,17,22,28,17,11,11,8,22,2,8,26,3,24,16,14,17,22,13,21,13,17,3
2,27,0,17,10,0,9,28,27,27,3,1,28,7,21,7,19,0,21,12,5,22,5,8,23,20,26,20,8,0,-1,5,0,3,3,-1,7,10,22,30,16,16,21,2,17,30,12,7,15,26
18,9,8,4,24,24,11,8,5,12,4,13,7,0,4,24,3,29,25,27,22,21,20,30,25,18,30,12,10,19,18,1,7,5,13,3,24,30,1,24,-1,4,21,15,12,1,25,26,26,14
14,2,25,25,5,29,19,28,2,29,1,30,23,15,4,1,23,7,24,9,9,3,21,5,10,1,7,8,4,10,29,4,25,0,7,27,30,8,10,-1,1,21,2,0,10,22,24,10,16,12
2,14,14,20,6,23,1,20,13,7,6,30,2,22,-1,4,1,13,-1,30,8,24,30,24,16,18,27,19,19,24,22,1,3,30,3,29,13,18,29,17,15,6,14,23,22,29,-1,24,11,24
4,28,10,8,-1,4,2,19,11,7,8,29,17,24,-1,7,11,16,6,2,0,23,7,14,16,0,27,1,13,19,9,12,7,29,15,2,11,17,24,20,4,20,23,4,-1,13,18,15,17,-1
19,3,2,30,14,21,28,27,10,4,10,4,25,-1,21,24,3,5,26,19,17,28,-1,9,9,4,19,10,21,29,5,8,22,20,14,15,1,-1,14,19,5,24,28,23,24,24,14,12,19,8
3,11,0,5,4,8,17,20,28,13,1,17,28,0,4,20,28,3,29,9,0,0,4,27,14,25,15,1,20,20,22,21,20,24,8,28,25,17,4,-1,11,21,25,2,23,12,28,5,-1,12
23,0,27,26,1,1,4,28,28,26,24,25,30,7,19,16,8,22,10,11,1,19,17,5,28,30,26,18,21,-1,20,6,30,12,11,0,18,18,24,2,2,17,-1,11,-1,2,26,1,-1,1
10,29,17,4,25,26,12,12,1,15,20,20,9,26,16,17,21,4,12,7,18,29,3,23,3,0,14,0,20,6,6,0,9,21,28,6,16,0,7,20,25,12,23,23,3,9,12,11,25,17
12,19,12,16,1,30,17,24,9,19,27,8,19,17,25,15,0,9,27,16,6,16,11,20,6,25,26,15,19,4,15,26,26,8,30,17,15,19,30,28,23,18,22,14,-1,0,15,-1,1,1
0,14,1,0,5,13,3,0,4,14,0,12,-1,30,12,22,6,21,25,1,3,13,8,21,27,22,7,3,0,5,23,21,22,0,29,28,2,26,8,15,24,18,16,9,3,20,21,10,6,4
23,25,29,3,8,4,10,0,12,20,13,23,4,-1,2,17,23,24,4,2,23,20,9,16,25,1,28,26,4,8,18,12,24,26,2,4,15,29,16,7,1,15,30,15,22,23,13,18,0,19
8,18,22,29,8,19,3,17,10,3,11,18,19,0,17,0,7,22,28,6,1,4,20,20,0,16,1,13,4,10,7,26,13,29,6,21,0,0,27,28,7,1,18,30,27,3,16,0,16,10
28,23,24,2,8,13,8,22,0,18,20,-1,11,12,8,23,3,2,17,21,14,1,12,9,8,30,24,22,-1,30,22,25,16,13,14,1,21,1,30,28,21,4,9,0,18,5,6,9,16,9
13,19,16,1,3,24,-1,6,5,27,5,24,0,22,2,9,-1,12,18,30,0,4,6,-1,10,22,24,17,12,9,8,15,5,9,0,14,12,15,15,6,7,1,21,20,11,27,12,1,19,20
4,12,19,7,15,26,30,7,29,7,14,3,14,12,15,10,6,16,21,15,11,6,10,24,28,0,1,24,24,15,27,7,28,29,23,25,2,12,18,13,10,6,19,12,0,17,11,22,16,11
22,30,18,20,0,30,18,1,4,19,6,2,14,11,27,8,0,19,14,7,16,3,-1,27,13,20,30,17,0,22,23,6,20,0,8,17,20,28,12,0,9,10,9,13,27,17,24,13,15,18
15,28,30,15,-1,30,7,2,11,1,30,12,0,5,11,27,20,23,21,30,11,14,17,19,9,11,18,23,16,10,12,20,16,22,27,11,30,11,7,7,19,18,13,28,12,23,11,29,6,23
5,2,0,30,11,8,1,27,29,13,2,26,5,13,-1,24,0,19,26,30,7,2,15,16,11,26,6,24,28,-1,19,18,17,19,24,13,12,1,15,7,15,-1,24,8,21,29,14,13,7,17
5,23,6,23,2,20,24,17,21,16,21,28,6,7,4,25,15,1,22,1,23,9,8,4,25,15,7,3,16,11,19,27,17,17,30,23,26,3,7,26,24,-1,25,7,19,29,28,22,16,7
25,2,16,17,21,11,27,4,19,28,11,19,7,18,28,3,16,27,7,7,4,24,24,26,16,25,6,23,8,30,2,17,16,10,13,1,5,19,2,5,13,8,27,9,4,22,15,9,22,14
4,6,29,26,10,14,20,7,12,28,27,2,22,6,5,28,13,28,9,6,21,24,25,1,15,18,11,14,24,14,15,25,8,12,20,30,8,13,17,13,2,17,6,21,24,24,17,14,0,24
17,12,23,9,24,28,26,25,30,9,26,14,8,8,5,11,4,10,25,20,22,8,20,22,12,1,19,1,26,4,21,17,21,30,28,0,-1,1,7,5,23,7,1,30,21,-1,13,21,-1,22
25,18,13,3,24,8,10,27,7,-1,13,10,26,17,25,23,0,12,26,12,28,12,30,8,-1,10,27,22,3,30,23,4,21,1,30,28,11,3,29,10,2,1,0,26,30,9,30,23,28,-1
3,15,27,8,2,17,14,1,3,14,8,30,16,26,27,9,12,6,23,20,5,2,21,1,14,23,12,25,15,4,20,21,9,0,11,27,28,23,30,13,28,24,4,29,27,10,17,11,9,3
20,22,16,19,27,11,10,25,12,30,26,2,5,30,4,9,26,14,26,7,4,17,14,13,30,25,28,8,26,1,30,14,2,12,-1,1,24,13,0,3,10,6,16,3,13,15,4,16,16,11
0,29,17,0,19,15,13,7,25,6,0,14,9,27,13,5,6,1,17,25,30,30,23,-1,0,0,21,4,0,28,5,28,22,21,18,14,30,30,27,11,16,7,11,14,12,3,18,6,21,1
24,12,27,1,20,1,27,4,14,14,19,18,4,17,14,10,3,19,21,20,-1,19,6,25,7,30,3,18,29,28,23,8,-1,10,8,17,8,29,12,30,26,17,22,24,5,13,15,6,17,30
8,25,8,24,16,9,20,8,14,-1,23,-1,14,11,8,24,3,20,0,10,14,2,27,7,2,8,7,17,11,20,6,16,27,19,5,4,7,7,14,27,10,20,23,25,6,7,14,15,1,-1
-1,24,0,13,15,29,0,17,7,18,29,0,1,28,21,26,19,15,16,30,29,2,0,11,23,15,2,28,22,3,5,13,19,0,4,26,8,22,6,29,30,20,26,2,15,16,23,21,17,24
22,27,17,2,26,1,10,7,24,20,22,4,17,-1,8,3,16,6,7,25,22,26,23,23,10,27,30,23,5,-1,22,13,18,2,12,6,15,21,29,7,13,21,30,4,14,12,30,6,28,4
13,28,23,1,0,-1,15,1,22,25,3,18,20,-1,14,11,30,7,13,27,15,29,5,4,18,17,16,4,9,20,2,8,23,8,9,25,23,27,25,8,2,26,26,3,-1,19,13,2,28,12
12,22,6,15,30,21,27,6,14,5,7,13,27,4,6,25,10,10,13,30,28,16,22,25,16,16,14,0,2,4,9,23,14,26,21,30,27,10,6,7,14,3,24,0,3,17,10,26,23,-1
0,0
49,49
end
