19,-1,-1,12,5,17,14,25,0,19,1,9,20,4,28,12,22,20,16,2,9,9,29,14,16
10,11,26,6,10,13,1,28,19,12,12,6,4,26,17,15,4,17,30,21,15,21,23,11,11
9,26,0,11,17,9,4,29,12,1,12,28,20,4,13,5,30,22,23,30,8,10,26,10,14
11,0,0,17,19,6,10,27,8,19,30,12,11,18,30,4,15,29,23,21,25,18,21,28,19
11,26,1,30,13,14,3,30,28,23,-1,7,0,2,0,15,13,25,19,5,1,1,6,21,30
16,23,27,12,22,9,-1,20,6,18,26,22,21,30,30,7,28,10,12,26,21,1,16,6,22
0,28,14,28,6,25,3,28,29,27,19,22,7,28,8,19,7,10,23,10,18,17,17,14,13
13,12,6,27,5,16,14,23,10,5,15,19,2,1,21,25,10,27,0,11,3,19,25,30,12
14,7,30,24,19,19,14,27,1,30,-1,24,20,25,1,8,4,14,26,16,11,8,21,29,0
0,0,13,25,9,24,24,18,5,16,26,28,7,28,17,29,29,14,5,7,23,24,2,30,13
28,2,4,11,21,14,3,10,30,28,16,9,29,29,3,16,18,26,29,0,6,7,5,2,20
18,7,12,1,1,26,27,6,7,-1,21,4,12,11,16,4,20,3,13,5,30,11,9,7,20
20,20,25,23,2,0,7,15,26,18,7,3,13,29,30,7,14,3,22,8,9,20,30,13,29
4,19,4,4,21,8,27,21,30,26,20,17,9,28,14,4,29,5,3,8,15,10,21,9,21
24,17,-1,1,-1,17,12,29,1,21,7,-1,15,11,21,26,4,2,14,0,7,25,15,4,14
11,22,21,26,28,11,15,29,17,8,22,11,24,24,29,5,29,14,-1,19,19,26,21,30,2
21,26,24,9,12,26,6,-1,29,4,29,10,17,23,1,2,26,29,24,23,25,26,28,9,15
2,21,22,10,6,3,25,27,12,6,29,23,11,27,5,-1,19,7,28,4,13,2,19,3,0
21,15,7,28,0,28,8,26,20,14,23,4,29,8,19,15,29,28,-1,14,-1,18,17,29,28
25,29,30,4,15,5,18,14,3,24,25,14,13,17,5,3,7,2,1,5,18,20,21,7,22
22,21,17,20,9,6,10,22,1,0,21,14,4,25,19,26,22,30,26,15,27,6,4,21,22
28,-1,16,17,0,3,19,12,22,8,20,11,18,11,26,13,13,0,1,9,26,9,27,14,15
-1,27,21,12,19,0,24,14,6,10,10,24,19,23,-1,28,1,0,18,2,23,22,16,0,13
8,1,8,25,24,-1,22,10,29,9,1,25,8,21,5,4,4,16,17,7,6,12,30,22,22
3,10,6,10,19,9,30,9,15,28,14,15,6,29,12,11,3,29,6,13,6,11,9,27,19
0,0
24,24
end
