29,19,8,7,-1,7,25,15,27,12,19,27,23,11,17,16,27,27,11,18,29,29,4,13,7,10,5,27,9,27,6,3,7,28,8
30,29,5,16,22,24,19,20,1,15,25,6,9,27,12,14,5,-1,11,1,6,13,16,25,6,6,16,23,22,1,24,12,19,12,7
16,26,22,3,1,12,16,24,21,14,15,9,1,11,20,20,13,2,4,12,19,18,11,30,20,4,23,13,11,20,5,16,29,4,23
6,17,30,6,11,2,10,5,0,20,14,0,17,15,1,23,5,15,4,25,20,28,1,26,11,4,18,12,14,2,0,15,22,2,6
23,-1,25,15,13,8,13,29,0,15,21,3,13,2,9,9,26,24,6,3,29,9,2,5,-1,23,10,11,-1,19,0,23,25,16,28
4,12,14,18,11,15,8,8,11,23,14,8,15,5,29,-1,3,6,7,24,12,9,11,11,7,21,4,18,4,17,8,9,-1,13,26
30,10,0,30,12,2,16,25,1,2,3,23,11,14,26,13,25,28,19,14,2,20,11,1,23,6,4,21,26,11,29,20,27,1,3
-1,6,24,15,17,19,14,30,10,6,17,-1,9,27,15,27,30,29,22,3,17,16,26,13,11,10,28,8,29,15,1,2,14,18,19
0,13,12,29,20,14,23,6,0,27,26,18,9,10,23,30,30,24,13,11,17,15,8,28,29,0,6,5,12,5,22,1,23,9,23
7,19,26,24,29,0,15,-1,5,2,19,6,2,19,24,4,12,9,14,8,18,13,21,21,17,30,26,25,9,18,19,0,17,17,22
4,10,22,5,27,24,18,0,19,2,23,1,12,26,8,27,27,16,-1,21,-1,5,23,25,11,12,23,2,24,16,5,23,10,6,27
9,8,25,20,13,25,18,29,25,16,22,4,24,13,3,0,6,18,26,28,13,15,6,13,30,28,10,2,0,10,12,14,17,10,12
0,22,26,0,29,12,23,5,28,25,24,0,13,2,26,27,11,27,11,25,28,11,7,0,10,0,16,14,3,25,30,5,22,27,3
10,13,29,5,0,28,8,21,12,28,23,0,18,0,4,21,25,26,26,3,29,15,17,-1,30,0,30,4,6,20,26,0,24,27,0
0,20,-1,22,27,6,2,18,26,23,17,19,3,-1,25,14,14,30,19,25,-1,5,9,29,9,16,7,13,24,12,24,1,15,2,20
24,1,17,25,24,25,28,14,29,14,28,1,4,0,29,21,29,18,9,4,11,2,4,24,4,25,28,26,4,16,21,18,27,12,30
11,15,3,18,26,30,1,28,20,0,1,10,25,18,29,29,8,15,23,19,7,5,9,11,-1,1,12,6,1,6,8,21,11,8,1
20,24,11,10,30,13,17,19,4,5,3,10,5,14,7,0,0,1,-1,13,15,10,17,14,7,3,-1,28,29,4,8,22,23,26,19
17,24,8,15,3,12,16,11,0,7,11,29,10,8,10,0,10,4,13,29,20,7,29,12,13,29,13,15,17,18,27,13,9,1,20
15,26,29,9,22,7,9,5,12,21,7,15,6,30,24,2,16,22,3,12,24,28,13,20,-1,15,12,23,15,16,9,3,9,-1,19
11,22,19,1,2,30,19,3,29,26,0,4,5,27,0,5,27,20,6,17,2,16,-1,10,20,24,26,11,22,26,4,-1,-1,25,12
2,-1,21,24,26,5,19,13,19,22,7,29,11,12,15,5,13,30,16,23,23,6,30,30,4,25,6,24,24,5,30,27,1,21,11
15,21,2,10,9,9,26,7,13,5,13,-1,29,4,1,14,8,7,20,27,12,0,2,20,10,30,17,1,21,9,18,27,21,8,4
28,5,5,15,23,5,0,4,9,1,7,-1,3,16,17,5,3,28,24,30,15,8,5,0,10,8,29,18,10,8,-1,7,3,5,25
5,4,30,23,14,7,10,24,0,27,16,26,10,25,10,19,22,0,4,14,0,7,17,6,21,24,19,22,28,23,12,11,23,20,3
7,4,23,1,19,9,25,3,0,12,27,27,11,1,7,6,27,24,11,9,21,12,14,15,8,-1,14,26,22,0,1,24,17,22,30
18,16,23,25,16,5,17,29,27,-1,17,22,8,6,29,17,8,23,12,-1,-1,20,9,12,22,21,17,29,13,28,9,12,20,4,8
0,30,11,15,30,20,27,7,15,14,18,12,25,11,4,2,19,21,22,9,15,4,29,1,19,20,27,25,3,3,6,10,5,19,30
17,14,2,-1,14,3,14,6,22,16,24,12,14,15,18,11,28,24,1,5,29,16,20,18,27,25,24,18,14,26,6,1,14,24,6
18,24,30,4,21,15,5,27,30,26,5,7,22,-1,21,17,0,1,4,12,1,1,7,29,21,15,1,6,9,12,12,1,14,14,25
13,30,21,0,25,17,20,21,12,15,8,18,0,9,29,12,26,26,6,18,5,17,22,11,18,12,22,29,0,4,23,13,15,17,24
15,16,22,20,10,18,4,21,27,29,0,3,20,-1,21,12,-1,24,27,8,24,21,21,-1,12,9,20,27,15,0,28,3,6,-1,5
-1,22,25,22,2,7,9,15,27,2,8,25,27,1,15,25,0,15,0,28,1,15,29,-1,27,6,26,1,10,4,18,0,21,26,-1
29,-1,20,10,16,3,8,19,6,3,6,21,6,17,6,5,15,2,24,29,18,30,11,14,0,16,17,23,26,12,1,1,-1,5,-1
23,15,9,6,4,0,24,17,27,20,-1,27,22,29,7,1,2,22,21,2,16,22,30,13,15,15,13,24,24,5,7,25,18,6,27
0,0
34,34
end
