11,6,9,8,27,7,9,5,8,3,10,25,30,18,14,9,5,2,21,29,25,23,21,9,23,13,17,30,27,6,29,4,18,26,3,16,19,5,1,14
8,1,30,19,26,10,19,11,15,1,12,13,6,2,14,22,14,5,14,29,30,14,9,25,16,17,23,7,28,12,2,10,9,22,7,1,11,24,9,24
5,27,6,9,14,26,20,15,12,12,6,25,7,-1,11,30,7,9,0,3,21,0,23,1,3,13,26,7,19,30,13,2,-1,6,2,1,22,27,30,22
27,9,13,2,10,16,19,11,30,18,21,19,25,1,12,19,0,21,-1,29,12,16,5,23,20,16,11,15,16,8,14,26,9,10,25,18,25,22,19,9
3,4,1,24,21,-1,0,4,27,4,9,4,18,7,-1,0,13,24,20,25,2,13,9,19,29,4,25,10,22,29,12,5,15,0,6,30,28,0,-1,19
25,6,13,17,0,23,17,19,16,7,11,-1,27,4,14,17,24,22,14,13,1,13,11,21,20,24,25,16,3,1,7,12,26,28,17,18,26,17,28,19
5,22,15,16,22,23,5,8,25,24,6,10,16,0,1,9,7,22,28,3,15,2,3,19,11,23,4,23,22,20,9,1,2,25,13,1,9,11,24,29
6,6,16,21,14,10,9,0,10,25,3,24,0,-1,23,29,6,6,1,13,23,17,10,25,22,13,24,21,2,15,0,7,4,7,27,24,21,24,21,23
0,1,17,17,24,24,19,25,21,23,30,10,28,15,28,11,18,2,10,13,30,10,3,16,11,5,10,13,4,19,25,23,5,13,9,27,14,24,11,22
11,2,30,29,26,15,20,7,20,0,27,5,17,13,14,17,13,20,19,1,11,10,17,16,30,19,30,1,20,1,10,29,1,8,24,10,28,20,13,14
9,23,5,26,27,30,3,3,21,14,29,1,8,28,21,15,16,0,23,24,17,15,30,6,14,30,26,9,4,19,8,16,12,24,24,30,-1,-1,13,15
19,18,15,20,13,22,18,19,3,15,7,28,18,11,20,11,24,13,26,18,22,29,15,23,4,15,26,6,17,2,12,21,2,6,22,1,1,4,6,14
20,10,12,14,9,8,23,11,27,23,0,4,16,24,5,29,24,-1,22,21,19,26,14,0,19,16,1,11,2,2,4,4,2,25,5,9,4,22,26,29
3,12,5,27,2,23,11,13,22,3,13,18,4,20,-1,25,2,4,14,26,28,18,14,14,4,0,19,19,29,16,0,4,21,13,-1,17,20,25,14,24
23,23,26,25,0,1,25,14,22,19,7,14,23,29,13,14,10,18,19,25,5,27,2,6,19,25,23,21,14,25,4,6,29,28,16,20,24,0,7,8
20,2,23,0,5,5,1,18,29,7,12,3,1,20,25,1,1,25,30,1,28,29,6,26,18,22,27,14,27,14,6,22,1,30,27,25,3,14,-1,9
5,25,13,28,14,30,3,28,28,19,22,1,26,15,6,27,25,-1,26,23,29,28,1,30,4,15,13,23,15,19,18,7,21,27,12,26,23,14,10,2
16,27,14,-1,11,22,19,8,8,22,18,11,0,0,5,13,23,11,29,19,15,26,18,24,5,22,24,2,20,-1,27,7,14,20,20,8,26,0,11,27
14,18,25,15,5,21,28,1,11,21,8,12,17,12,20,3,9,20,7,8,20,20,24,15,4,25,7,22,18,19,10,7,9,1,12,12,6,1,16,-1
15,0,26,14,1,6,24,13,30,30,20,3,13,-1,28,12,22,5,28,2,21,8,25,5,9,3,2,10,26,20,11,24,4,12,5,8,15,22,2,14
7,16,8,13,1,0,29,18,10,14,4,15,24,10,3,26,25,2,21,22,15,28,8,23,12,16,5,5,20,13,8,29,8,27,4,15,18,24,30,19
6,10,17,9,18,25,21,2,23,21,30,19,16,2,20,16,30,23,15,27,11,20,7,29,28,13,16,18,0,24,17,18,29,27,4,21,3,13,5,16
24,19,2,0,1,12,10,1,10,17,0,20,26,19,1,11,13,5,9,29,25,17,7,30,21,17,25,23,11,10,27,13,25,13,-1,6,4,5,2,-1
20,7,17,6,15,11,21,19,13,25,28,2,26,19,23,8,0,16,16,18,17,28,10,29,1,27,28,28,1,15,13,2,7,15,16,0,15,2,12,26
4,25,30,30,4,6,-1,4,5,3,10,1,1,-1,4,27,14,1,17,18,21,3,19,6,13,25,25,30,20,0,27,16,13,23,20,8,22,20,20,13
22,17,15,-1,5,8,18,20,15,30,10,21,27,4,8,16,23,1,1,13,27,9,16,0,13,22,27,1,8,26,4,19,18,5,2,15,12,13,26,2
7,18,14,22,9,22,29,15,27,15,3,22,10,21,6,26,8,1,1,-1,-1,27,3,7,27,17,23,30,28,23,6,2,12,30,29,11,26,13,29,10
9,15,25,8,25,28,23,23,-1,29,22,23,9,3,28,3,28,11,20,6,14,16,29,2,7,26,18,18,5,19,23,28,20,16,4,17,15,8,15,30
13,24,11,2,9,19,5,-1,21,28,13,5,4,14,28,17,7,23,1,14,26,24,24,6,22,24,16,25,10,29,25,30,17,13,21,7,2,0,29,0
15,6,16,12,23,18,15,0,2,21,6,24,29,7,13,1,9,25,27,20,29,11,28,24,8,25,25,13,3,5,30,4,9,24,11,7,25,5,16,1
25,26,11,8,14,8,29,0,13,6,24,19,26,19,24,18,22,24,6,0,29,24,15,15,21,23,20,20,7,0,5,23,20,12,23,10,30,28,4,15
24,30,22,12,19,20,24,7,29,14,0,24,22,17,0,13,24,5,14,17,8,14,22,21,27,7,11,18,2,11,6,26,30,24,18,16,24,0,14,22
12,6,30,21,23,20,25,12,4,22,9,6,7,27,0,4,22,10,27,-1,26,27,15,24,14,9,30,25,18,18,2,9,30,25,10,6,21,22,18,2
6,15,8,26,1,9,26,23,17,2,10,1,23,17,26,29,7,17,17,7,7,14,19,6,30,0,1,10,2,2,0,1,5,19,14,28,10,5,19,9
18,2,2,20,20,17,2,25,29,7,13,17,28,22,18,24,2,25,19,24,13,29,9,7,20,-1,5,27,25,4,4,18,10,16,10,28,7,1,15,30
23,29,13,1,12,5,17,13,0,24,30,8,24,14,29,25,25,11,3,17,30,25,20,-1,20,17,11,0,0,11,18,0,13,24,22,6,2,23,13,11
21,-1,12,16,16,14,18,24,29,18,27,4,16,0,14,4,9,30,12,21,19,27,6,8,8,10,6,1,3,4,3,30,12,1,24,17,24,27,12,19
21,9,0,23,7,28,26,0,29,0,3,11,15,14,24,14,4,27,4,29,1,1,26,16,15,1,1,0,25,-1,21,7,30,3,8,23,5,26,25,4
25,2,15,1,16,2,21,13,11,18,2,20,21,19,18,-1,20,29,12,16,4,29,25,21,6,3,23,3,20,21,10,6,9,8,24,0,8,23,13,0
12,26,12,2,5,22,28,26,1,4,-1,10,8,8,25,22,13,4,24,1,24,8,16,16,0,30,-1,20,4,4,30,15,25,28,27,-1,26,11,16,4
0,0
39,39
end
