21,28,22,0,18,1,16,17,-1,21,7,26,8,26,17
19,12,3,24,8,17,12,10,1,20,30,27,25,25,3
10,27,4,10,6,22,8,19,16,25,2,23,7,27,7
7,24,-1,12,28,3,7,25,-1,29,29,29,15,17,12
11,15,26,17,-1,0,29,-1,9,27,5,27,5,16,17
17,3,29,0,26,18,9,14,3,0,3,27,28,8,0
19,3,0,17,27,4,24,19,2,-1,28,15,21,10,-1
14,12,6,21,5,23,29,17,27,15,9,10,27,0,0
25,8,22,25,11,21,25,17,28,29,15,26,10,6,21
25,27,2,-1,24,30,19,1,3,0,17,5,18,-1,30
11,24,19,14,25,26,5,10,19,8,0,1,16,8,8
1,21,16,24,30,-1,1,13,16,1,1,9,10,18,12
30,29,14,21,18,14,15,3,29,21,20,6,1,6,12
10,6,21,23,20,0,11,15,17,3,26,25,17,9,6
11,16,26,21,18,20,8,12,9,15,16,22,17,28,19
0,0
14,14
end
