23,13,26,24,4,1,2,26,19,9,26,17,13,3,23,7,4,20,19,7
4,-1,20,9,26,26,20,23,15,0,18,23,5,23,30,2,2,2,20,7
27,21,27,20,22,10,30,11,25,17,20,24,16,1,25,18,2,1,30,0
0,11,17,22,30,15,-1,6,19,15,26,25,-1,22,28,14,3,30,1,28
4,6,7,19,6,15,12,22,15,30,2,12,-1,20,6,14,3,27,21,25
1,2,13,1,23,15,24,4,11,26,8,1,5,6,17,6,6,19,16,3
26,13,24,16,2,-1,15,26,4,5,7,23,17,24,14,13,-1,0,10,8
23,19,0,-1,-1,12,19,1,14,29,14,22,9,28,20,10,18,22,8,6
24,24,24,19,3,13,23,30,14,22,17,11,9,2,23,15,28,14,26,21
13,2,15,3,-1,4,6,26,5,5,9,29,18,12,29,0,0,18,30,20
2,22,19,21,28,24,7,17,8,7,1,22,14,16,28,10,9,12,9,24
9,27,17,30,22,1,30,13,28,14,3,13,20,4,26,12,14,9,23,15
2,10,10,14,3,20,2,13,5,11,10,14,1,10,21,22,22,0,9,12
16,21,2,25,6,10,27,3,9,15,-1,5,18,29,4,28,25,7,11,5
12,29,20,18,17,12,16,24,21,3,12,30,29,24,-1,21,29,3,28,4
30,2,27,21,7,6,20,15,19,19,3,12,23,4,1,23,4,20,15,28
4,2,18,22,26,19,30,29,13,16,7,27,15,4,15,27,23,24,21,12
30,2,29,15,24,12,28,16,15,6,9,20,1,5,23,30,14,20,28,18
16,16,19,25,27,2,30,24,13,20,28,27,5,25,12,4,22,22,8,22
6,3,12,5,11,23,26,28,24,19,19,18,25,18,12,4,9,15,9,29
0,0
19,19
end
