4,16,6,30,16,5,6,12,6,-1,17,30,14,9,22,28,22,1,23,1,25,4,14,30,21,3,15,7,19,22,26,2,4,14,15,0,16,11,6,13,5,23,17,23,26
26,17,23,20,1,21,13,26,16,22,29,9,28,14,12,15,18,22,19,29,23,13,16,14,21,0,15,9,6,0,9,21,11,19,7,14,27,14,5,27,27,23,5,21,1
6,9,22,1,26,-1,8,26,25,18,0,0,17,25,13,18,14,11,11,-1,12,9,29,2,23,-1,4,3,27,27,21,10,19,14,5,27,28,25,21,4,10,9,29,0,10
28,25,22,15,6,1,20,15,5,4,3,6,29,-1,0,29,25,15,29,20,16,28,17,8,4,14,2,3,-1,13,21,7,11,28,11,17,26,19,30,28,25,3,14,24,22
20,1,21,29,4,0,19,25,12,4,20,15,23,5,25,1,11,19,8,13,15,27,29,-1,0,28,5,27,23,10,2,29,11,23,16,6,9,26,25,29,23,4,27,10,12
28,25,9,15,30,30,1,13,9,0,4,22,21,29,23,13,24,11,25,9,24,18,20,21,5,9,16,18,17,19,27,23,0,23,5,6,14,10,26,21,-1,26,16,5,26
25,4,29,4,4,7,15,13,17,18,22,30,26,28,4,27,4,25,15,21,1,-1,22,23,25,7,11,14,20,18,26,19,18,0,0,8,8,1,25,24,20,12,16,18,11
4,21,12,19,22,24,27,4,18,22,11,28,12,23,7,0,18,22,8,21,16,30,14,23,7,4,23,23,14,5,26,20,26,11,11,-1,5,29,23,4,24,23,29,28,26
29,22,27,19,21,6,13,5,11,15,25,0,23,1,6,23,0,16,22,7,18,16,8,20,20,-1,15,6,6,29,23,7,22,14,7,23,28,2,8,17,3,22,3,3,0
27,24,11,23,4,0,25,20,12,30,7,11,0,23,12,5,26,15,25,17,4,10,15,26,19,2,25,17,9,23,29,25,26,8,8,-1,10,22,16,15,28,0,8,9,5
30,16,10,16,1,5,14,10,2,1,1,7,-1,7,14,27,7,3,28,5,2,5,16,0,1,7,4,12,13,7,24,-1,1,15,19,20,21,11,22,3,2,12,5,19,15
20,23,25,20,11,5,5,4,-1,2,27,9,6,13,13,13,27,14,8,29,1,10,24,4,9,20,26,22,27,10,10,11,17,25,15,25,26,1,29,12,22,1,19,17,0
15,8,16,3,28,25,17,24,24,22,23,8,6,7,20,17,22,12,14,27,10,29,18,27,22,24,16,10,1,30,20,2,11,19,12,16,7,2,18,12,27,22,6,5,18
4,14,27,25,0,21,19,-1,9,24,26,12,3,0,0,23,9,20,9,9,14,25,21,11,18,14,18,23,13,15,23,11,13,23,8,1,20,6,23,26,6,21,8,28,19
18,25,-1,22,23,19,16,3,15,9,22,1,19,20,18,14,13,29,11,1,11,19,4,28,15,8,25,14,16,8,11,4,27,3,17,27,29,23,26,9,30,28,17,17,-1
8,17,-1,3,13,8,0,20,15,14,7,26,22,21,25,11,4,20,20,25,2,20,28,27,0,9,25,23,7,0,22,-1,8,28,8,11,8,0,21,28,4,2,7,0,4
0,18,14,7,12,14,16,24,8,4,24,1,27,2,15,21,19,8,27,29,22,21,10,26,20,20,23,2,9,1,26,13,29,24,23,6,19,15,19,15,15,0,22,7,26
16,24,10,26,24,15,27,28,8,0,22,1,24,27,24,18,0,-1,-1,24,1,19,3,29,25,4,7,18,30,1,3,-1,30,9,12,2,15,19,-1,10,27,0,20,4,29
4,22,12,30,9,4,22,28,29,2,23,22,10,2,6,25,22,27,5,9,22,13,12,10,19,29,5,26,7,22,30,23,1,18,21,14,4,24,22,2,10,7,28,25,7
25,20,30,27,30,13,3,8,19,13,-1,28,6,15,3,14,19,6,21,23,6,24,24,27,0,27,18,28,9,0,1,5,13,30,30,1,18,23,20,16,19,10,25,12,-1
24,13,-1,12,6,3,11,13,28,29,22,25,29,1,29,6,23,5,17,16,22,-1,13,9,7,27,8,8,15,1,30,6,25,18,28,4,18,5,-1,26,15,1,4,10,13
24,29,0,24,3,29,25,14,7,0,18,1,8,27,17,22,24,11,24,27,6,15,24,11,2,13,11,13,9,17,27,30,7,3,18,9,25,1,6,2,25,23,24,15,10
24,18,0,5,1,23,1,9,17,24,24,16,26,-1,17,27,14,6,0,11,23,28,30,24,29,18,8,20,9,23,9,23,16,16,19,22,4,28,7,9,11,20,25,14,17
24,22,5,2,22,14,19,11,8,0,19,6,-1,18,30,10,6,13,18,12,19,1,12,24,25,29,24,14,26,14,17,20,26,9,28,7,28,1,25,14,9,27,7,17,19
17,1,9,8,11,19,28,16,19,23,6,24,13,30,4,21,23,3,15,15,20,19,28,14,0,18,22,4,20,3,11,2,5,16,-1,10,18,4,20,14,2,7,4,19,-1
22,26,7,10,17,26,14,4,10,-1,13,0,3,14,24,14,12,13,4,19,14,10,24,22,27,21,8,22,8,19,12,27,30,11,15,1,19,11,12,30,10,4,13,23,13
13,29,18,27,25,26,23,10,0,4,2,29,9,25,13,18,1,22,22,6,-1,21,25,3,13,15,0,27,25,21,9,30,11,15,4,4,1,1,16,4,10,1,15,28,9
1,14,5,22,11,10,14,1,7,2,27,10,-1,30,18,18,24,6,22,23,8,15,10,26,18,23,5,3,19,27,29,-1,7,10,5,13,3,2,14,13,25,16,13,23,8
27,22,12,29,2,8,-1,13,2,-1,28,1,-1,10,27,6,17,9,30,21,10,27,19,-1,3,8,24,3,29,26,20,7,21,18,13,3,22,6,6,16,29,7,11,24,7
6,10,0,10,12,3,27,3,29,9,5,8,18,20,23,9,14,13,19,28,15,24,21,1,14,14,19,6,6,26,18,26,30,8,16,16,24,11,21,30,28,15,10,28,13
0,7,20,7,28,11,11,17,16,21,9,12,-1,5,-1,9,19,3,17,13,22,7,0,6,26,25,16,0,23,30,24,7,12,11,4,5,8,5,18,12,27,17,5,27,16
10,15,18,20,30,24,-1,20,24,25,2,9,27,23,13,24,0,29,15,16,23,11,1,25,4,22,0,25,27,14,9,8,11,28,30,16,28,2,22,4,17,1,6,8,8
16,25,-1,13,4,26,7,29,7,21,23,13,27,3,29,13,29,25,7,13,19,24,21,7,0,23,30,22,19,1,12,24,23,1,11,25,9,30,28,21,0,3,2,22,28
10,13,4,29,23,12,20,26,19,4,16,2,17,2,14,26,4,1,12,8,16,14,25,29,11,25,13,7,3,7,2,1,8,4,8,16,29,20,7,11,23,22,13,4,11
1,20,24,3,24,3,27,25,30,24,27,28,30,10,26,26,4,2,6,10,24,7,22,9,18,19,7,23,9,29,24,1,24,13,11,29,5,13,3,26,19,12,23,15,13
5,27,3,12,30,13,22,24,12,4,30,7,22,29,2,9,10,16,17,15,0,10,16,7,16,18,17,3,26,11,19,9,21,6,10,18,27,27,17,17,6,1,24,24,30
9,27,12,22,23,17,18,7,-1,5,1,0,0,26,12,2,6,17,0,9,29,20,20,24,23,24,2,9,28,24,26,0,11,7,10,29,14,22,0,17,1,7,0,14,30
14,17,8,12,2,26,15,16,0,18,-1,26,19,22,16,3,20,16,23,0,21,20,29,25,26,20,13,16,-1,30,23,4,27,29,6,25,24,10,20,7,13,12,0,5,21
14,10,27,25,2,13,17,27,14,29,23,10,20,20,16,5,7,30,29,29,19,9,7,3,21,2,26,20,2,21,6,10,3,18,24,11,-1,13,16,26,30,-1,16,15,9
2,9,18,22,29,11,21,0,4,8,5,-1,22,24,11,8,17,24,2,20,17,28,5,0,11,26,21,24,24,25,3,27,5,16,22,27,2,25,26,0,20,20,-1,29,23
30,4,18,8,3,24,12,15,30,3,16,6,7,23,13,20,20,22,27,26,4,14,25,19,10,10,20,13,20,-1,26,11,5,3,16,-1,6,29,21,20,14,8,26,14,23
14,18,18,2,5,3,29,5,8,19,8,8,-1,24,9,0,2,23,27,14,3,11,-1,4,26,12,27,4,26,11,14,23,19,15,11,30,24,28,6,23,6,-1,5,6,-1
15,12,30,7,7,17,0,3,16,-1,28,11,4,8,29,2,9,13,25,9,16,20,11,17,22,18,27,22,17,28,10,8,14,14,6,2,3,12,27,5,12,27,13,9,23
16,14,19,14,24,29,0,23,29,27,9,17,22,26,12,24,16,4,2,15,6,-1,21,27,20,25,0,1,15,16,0,13,6,27,21,29,27,24,5,29,18,14,17,14,12
11,7,4,18,12,8,5,19,6,10,12,1,29,0,9,28,-1,23,12,8,21,13,23,4,21,3,25,27,28,28,6,21,3,26,15,-1,14,14,12,18,25,12,7,8,9
0,0
44,44
end
