14,22,29,12,7,4,12,0,29,24,24,3,29,12,21,13,11,28,24,0,6,29,0,16,30,17,13,6,18,20
16,16,18,2,12,24,28,12,7,8,2,2,26,4,12,24,18,3,28,0,16,24,5,14,12,29,16,-1,24,6
11,8,25,30,4,7,7,-1,21,13,7,1,9,11,13,5,5,23,29,22,8,2,13,28,20,19,21,1,1,10
4,3,22,4,19,24,22,23,3,18,9,28,3,29,8,6,10,14,27,30,9,1,1,29,25,9,13,29,27,5
12,30,4,-1,29,21,21,10,3,6,27,20,12,15,3,1,30,28,21,3,17,-1,0,2,27,12,13,13,15,11
5,25,12,14,-1,2,12,17,8,21,25,28,-1,27,20,30,0,24,27,3,26,2,17,1,12,20,16,6,22,19
14,8,4,26,26,27,21,9,0,21,-1,5,29,22,27,10,18,30,26,0,28,5,12,26,15,29,20,24,26,14
-1,12,30,18,8,11,22,5,5,20,29,27,23,16,11,10,16,10,-1,1,25,4,16,4,10,14,18,12,13,23
25,1,21,15,30,25,-1,8,6,23,24,0,19,15,30,23,21,7,14,6,9,24,-1,21,5,6,7,2,13,25
26,2,25,8,25,22,11,8,21,18,1,30,15,7,5,1,19,27,17,18,17,11,8,6,21,18,2,30,4,24
20,20,2,18,-1,30,25,7,29,12,25,18,14,4,24,26,6,27,9,18,0,19,26,28,25,4,5,21,27,-1
6,28,-1,11,28,7,28,2,15,2,26,30,22,18,0,5,26,3,13,14,19,14,28,17,28,23,10,10,30,13
11,21,29,5,11,29,20,7,11,9,23,7,19,4,19,27,15,18,10,26,9,18,4,9,2,1,9,1,21,9
28,30,20,0,5,16,-1,17,14,18,11,7,27,6,25,28,13,29,23,-1,12,27,29,3,10,5,-1,29,3,3
9,24,2,8,0,5,25,1,30,8,6,3,28,20,25,7,22,20,4,2,24,23,2,23,14,23,16,4,14,13
29,3,15,2,18,2,2,17,27,19,17,30,4,12,8,4,30,13,20,29,21,1,24,8,5,-1,17,10,11,-1
14,15,14,-1,0,6,10,6,4,-1,16,30,25,14,11,14,28,11,11,15,24,16,25,1,16,13,15,23,21,28
3,4,19,19,28,2,21,14,11,-1,3,2,9,6,4,6,14,29,23,28,5,25,5,23,3,29,26,13,18,13
21,22,21,27,23,16,13,8,25,29,11,8,13,1,18,29,20,0,8,28,22,16,-1,22,1,13,13,18,27,5
24,2,18,26,28,7,11,25,23,19,18,6,-1,14,27,0,25,1,28,25,1,3,20,20,3,4,20,3,1,29
20,20,30,14,1,10,25,29,20,-1,29,27,5,28,29,5,7,23,9,30,9,-1,23,15,15,1,0,22,10,15
26,29,17,2,25,24,21,2,12,7,0,0,29,3,18,21,18,21,26,22,7,18,8,22,29,21,28,10,2,11
3,28,9,18,29,18,5,29,28,17,13,29,4,-1,0,3,22,10,26,13,17,28,2,1,12,30,27,3,5,6
12,-1,19,10,-1,0,8,19,5,11,28,15,15,15,14,5,10,5,1,15,16,26,11,6,22,-1,30,0,-1,6
15,14,8,-1,17,30,3,9,1,9,-1,15,15,6,25,2,20,30,30,11,15,23,26,12,2,12,12,29,15,14
3,-1,25,29,18,9,30,16,4,12,6,5,21,14,17,-1,1,25,17,11,14,6,15,28,28,16,2,21,15,20
18,5,29,23,18,11,23,12,30,18,-1,27,21,26,8,3,6,28,3,25,16,10,9,6,18,1,24,9,27,0
9,29,6,12,29,15,28,22,16,2,22,28,23,10,0,22,3,15,0,28,14,26,16,0,5,16,12,2,10,28
16,7,30,25,9,20,19,4,9,30,27,0,11,9,10,27,4,22,-1,21,11,29,28,0,-1,23,3,12,24,-1
23,13,29,21,12,17,21,2,25,1,3,0,28,21,10,28,26,24,16,16,11,16,26,18,18,9,21,23,21,20
0,0
29,29
end
