25,-1,14,6,9,10,16,23,29,7,23,0,12,9,7,1,17,5,24,4,3,8,20,14,4
7,26,29,27,4,10,1,6,19,6,10,29,19,11,28,2,3,14,14,7,2,22,4,11,7
12,18,9,7,3,17,19,-1,-1,3,25,9,0,26,29,27,24,2,16,3,21,19,18,15,14
11,-1,27,25,22,0,17,28,14,24,6,2,23,1,19,28,26,13,25,24,25,2,19,16,22
26,4,12,2,12,0,8,0,18,0,19,23,23,16,19,21,7,5,1,30,16,16,5,0,26
9,14,11,17,29,0,12,14,10,4,16,6,6,28,15,18,13,26,17,1,4,24,12,8,5
10,21,14,26,3,17,1,2,26,6,28,2,6,29,5,16,29,18,27,0,1,5,1,3,3
12,5,15,29,4,15,18,13,12,20,25,14,0,9,29,19,0,15,29,8,27,16,27,8,-1
30,27,28,26,23,10,30,20,11,5,0,24,15,13,20,13,28,17,0,20,26,0,3,29,9
25,18,25,3,23,27,29,28,23,24,26,27,28,9,10,17,22,3,5,17,20,19,17,22,12
13,1,13,19,16,26,8,11,0,1,12,5,27,21,7,26,25,12,30,9,4,24,10,26,16
8,9,17,30,3,14,13,20,10,28,18,12,22,30,21,20,22,30,19,17,28,6,18,20,15
13,12,0,23,8,17,19,10,12,15,8,6,26,2,3,18,12,6,3,19,15,29,3,11,-1
7,3,2,11,28,19,7,0,6,17,14,12,20,24,17,20,20,26,17,10,8,15,17,10,30
26,29,15,10,17,27,0,1,22,13,-1,25,24,18,-1,3,1,16,14,6,19,13,26,6,29
3,18,24,9,23,12,30,10,27,29,7,10,11,8,15,18,24,5,5,21,23,26,9,25,2
23,11,0,7,-1,20,4,16,14,18,11,14,24,0,29,3,19,24,14,3,7,10,25,0,12
1,11,12,4,25,8,5,8,30,11,1,11,14,30,7,3,10,14,-1,3,6,15,5,1,18
22,26,20,29,13,-1,16,13,2,21,1,14,14,8,30,3,13,16,23,1,26,19,8,7,0
12,23,26,30,22,20,12,8,17,18,9,25,1,30,5,30,21,15,9,27,24,13,9,14,7
16,14,1,-1,24,18,26,25,1,20,6,12,7,26,0,3,0,5,-1,18,-1,25,6,2,-1
16,12,28,18,2,8,28,26,21,22,16,0,18,1,2,0,4,29,4,13,29,7,19,20,2
17,11,20,12,9,16,2,15,27,22,5,2,14,10,15,12,8,16,26,22,20,27,21,6,9
0,1,1,30,22,6,29,5,26,18,22,29,2,3,12,17,5,9,27,17,0,8,5,10,16
19,20,18,6,17,15,19,27,0,5,24,27,7,22,17,27,7,20,8,24,9,7,30,4,21
0,0
24,24
end
