24,20,2,4,27,29,27,20,27,10,30,27,17,22,27,17,12,23,22,4,11,27,14,14,29,13,13,2,10,28
5,15,30,22,-1,28,20,11,7,17,0,28,24,23,11,12,8,15,5,13,9,24,29,3,20,22,30,29,30,14
1,23,2,28,16,7,24,11,15,30,15,29,8,8,1,22,27,22,0,5,-1,15,28,-1,23,0,21,9,7,26
8,8,8,-1,15,-1,16,8,8,4,14,17,8,5,3,20,14,23,-1,0,18,2,20,23,19,-1,12,6,28,30
21,1,8,21,2,4,17,28,20,4,9,22,2,23,27,24,28,10,21,4,18,20,27,24,9,9,5,7,21,29
1,16,7,2,11,25,-1,10,2,25,29,2,3,7,6,25,14,28,0,2,18,22,4,10,13,-1,20,3,14,2
7,28,17,24,19,21,15,11,22,18,16,12,7,8,14,14,13,28,15,12,7,10,9,12,26,21,10,7,20,16
2,2,15,30,8,9,19,29,15,19,14,5,4,7,5,3,20,16,3,23,7,9,17,10,17,18,10,7,2,21
20,4,8,10,27,8,6,19,2,28,16,23,13,8,21,22,-1,23,13,26,10,5,0,20,4,30,6,25,10,21
26,22,23,7,16,22,1,7,20,8,28,28,22,14,5,26,19,8,9,19,13,-1,23,9,6,10,-1,3,30,16
9,18,5,1,13,23,9,16,15,12,13,4,18,30,7,29,10,22,-1,2,12,6,6,20,0,2,19,16,21,8
18,14,-1,7,20,17,20,1,10,15,7,4,18,30,3,26,9,25,13,21,16,-1,29,15,26,23,26,21,10,16
2,25,26,8,6,12,27,15,3,26,8,24,17,8,9,4,11,27,6,14,2,18,24,20,17,19,2,4,13,17
20,26,21,25,14,11,6,18,2,1,1,16,28,6,29,21,18,-1,13,26,25,1,1,18,12,8,17,-1,14,12
16,9,10,26,27,20,5,29,26,25,10,16,28,21,6,29,29,18,7,21,26,29,30,29,7,2,-1,5,11,28
27,0,6,23,4,10,17,14,2,30,15,26,23,18,30,28,28,11,22,11,14,10,29,7,23,0,13,27,5,10
21,9,23,23,28,5,18,15,10,6,4,10,30,2,3,14,2,5,5,18,15,13,24,15,29,28,19,3,8,4
2,2,1,28,16,20,23,9,6,29,19,14,12,26,12,28,12,13,20,0,6,7,25,26,13,23,-1,23,0,27
24,28,-1,8,6,27,8,23,26,-1,18,11,18,23,28,29,26,25,8,13,13,4,-1,13,26,21,25,15,-1,15
8,22,0,19,26,2,14,2,0,24,17,21,11,15,14,12,10,10,18,13,8,29,14,23,30,4,3,6,30,11
10,29,11,1,8,-1,27,16,-1,29,4,13,1,14,28,6,24,5,27,1,28,-1,24,25,14,16,13,29,6,9
4,8,14,30,12,8,20,5,9,3,20,19,10,8,5,5,19,22,16,8,15,25,13,22,8,2,22,16,12,5
-1,2,19,5,12,24,15,5,5,16,26,28,18,1,11,24,11,28,26,17,28,18,22,5,21,24,1,19,27,3
17,24,12,-1,5,0,6,30,3,20,3,29,18,20,17,0,1,8,14,26,14,17,20,1,1,15,28,16,14,25
9,7,26,2,5,5,3,21,29,0,26,8,15,11,3,4,10,17,29,22,9,5,17,8,17,5,5,1,20,6
27,30,8,7,14,2,6,-1,21,19,26,23,9,0,9,8,7,9,30,29,27,26,23,13,0,12,16,28,0,-1
14,7,23,12,10,5,11,1,16,29,4,29,23,30,3,7,21,22,1,26,8,25,3,24,26,29,11,13,6,-1
30,6,8,11,24,-1,22,29,30,7,20,9,20,23,2,6,15,8,5,13,28,29,19,12,21,30,22,22,10,-1
24,5,3,8,0,25,0,30,26,27,23,5,4,17,2,21,19,29,17,15,2,12,4,29,20,11,14,8,18,4
2,24,24,18,16,11,23,10,13,11,22,18,4,11,1,9,6,5,19,0,11,13,22,-1,28,29,-1,9,9,23
0,0
29,29
end
