3,7,-1,10,6,16,17,12,27,30,4,20,20,23,26,11,12,6,11,4,21,11,3,24,11,25,19,19,29,12,6,10,13,23,8,27,22,21,16,17,18,14,3,1,-1,9,16,20,1,8
26,18,8,16,1,2,12,30,26,5,10,23,15,18,20,6,6,5,24,23,3,5,9,9,15,13,7,14,30,14,28,25,9,6,15,22,28,24,7,2,18,14,2,15,11,0,17,5,9,1
15,18,19,5,21,16,15,4,4,24,10,10,9,16,1,24,9,23,0,30,29,10,16,2,21,26,-1,25,29,10,17,9,1,2,15,12,25,28,30,12,-1,19,14,28,14,1,21,11,10,14
3,6,21,11,14,3,17,3,-1,16,14,16,10,20,25,21,24,3,7,15,17,21,14,20,9,14,9,3,0,28,17,30,25,15,21,8,11,15,21,29,27,7,16,21,1,9,-1,29,29,14
28,2,6,22,12,30,21,24,10,6,21,23,23,22,19,-1,3,30,12,9,18,27,3,4,10,11,12,5,14,5,12,18,27,23,0,27,3,22,15,26,6,17,15,11,11,6,24,28,7,28
24,26,18,29,22,7,19,26,3,25,27,1,26,4,4,26,16,11,0,1,27,19,-1,16,3,6,11,14,30,15,9,6,0,12,2,29,19,19,14,9,16,25,10,25,9,26,4,22,19,28
21,4,9,22,28,25,19,9,2,0,27,29,29,22,26,5,24,13,15,24,11,22,30,3,11,11,25,8,9,22,13,29,23,24,13,12,1,6,25,24,7,5,25,13,16,22,9,9,9,28
17,23,15,28,20,0,10,20,15,6,20,13,2,1,20,15,25,25,17,23,2,22,-1,11,18,29,6,5,25,1,16,30,10,27,27,15,27,17,22,11,11,14,17,30,27,29,17,8,2,13
21,24,25,4,25,12,21,7,1,27,15,2,30,23,1,7,25,2,9,15,6,1,6,13,1,28,8,12,2,2,6,6,16,2,9,11,25,3,10,21,20,26,28,7,20,17,6,6,8,20
14,1,17,5,7,5,29,24,5,6,30,7,21,5,3,7,21,24,19,8,0,28,6,22,21,11,-1,16,24,18,8,30,27,19,19,14,11,8,11,15,1,7,25,13,26,2,15,16,24,20
24,30,27,11,28,11,9,14,5,17,0,2,22,-1,23,20,15,23,22,7,10,17,20,4,28,0,20,2,19,20,2,15,4,30,10,4,11,17,30,9,16,13,21,18,25,25,20,28,11,27
0,17,28,18,10,5,24,26,20,6,21,19,7,15,7,24,-1,6,16,25,29,17,16,15,18,25,3,17,14,11,3,18,26,3,21,8,4,1,28,2,24,10,15,13,21,7,8,18,0,24
19,26,7,26,16,9,23,25,9,29,2,17,21,8,27,29,2,17,29,24,25,30,11,2,15,30,17,30,12,25,12,17,29,7,9,29,26,8,18,20,0,8,21,8,8,22,7,21,17,7
14,17,5,11,3,19,0,6,15,11,3,17,25,10,28,18,4,10,24,24,17,2,14,6,16,18,13,30,16,11,25,18,22,10,24,18,13,4,6,20,5,18,26,30,29,2,6,24,29,1
9,20,4,15,11,11,1,5,4,26,13,26,16,1,16,4,30,8,29,22,17,19,26,8,8,21,5,2,8,28,30,3,18,1,12,5,4,21,23,30,21,5,14,18,7,23,5,2,28,14
23,13,-1,6,3,7,12,14,15,3,16,22,22,23,20,10,6,21,24,10,5,5,30,0,23,0,14,16,2,9,-1,2,9,0,25,5,7,15,26,7,24,0,2,11,24,26,8,19,30,12
22,25,0,3,0,7,21,3,25,20,6,28,22,17,-1,25,1,30,29,2,11,16,28,29,9,27,28,10,24,22,5,26,8,3,20,7,26,25,5,7,0,0,12,9,22,24,8,-1,26,2
10,26,21,22,26,3,20,17,26,18,19,5,10,13,13,1,8,10,15,5,23,16,23,12,21,27,11,26,28,3,21,27,6,20,21,26,3,22,1,25,24,27,7,2,-1,-1,29,-1,11,10
16,15,24,10,22,4,27,14,13,13,26,14,11,20,24,3,17,15,3,2,15,12,18,17,1,4,3,10,1,0,24,6,28,7,17,27,23,26,12,23,0,18,19,21,27,18,5,6,29,19
28,3,9,20,21,25,22,23,2,18,20,30,20,13,10,24,18,0,23,2,0,19,-1,2,5,6,15,20,25,26,0,1,17,6,11,17,17,1,6,6,26,3,19,7,11,8,-1,-1,8,18
12,1,17,8,7,0,21,29,9,4,30,2,22,11,3,20,2,17,16,30,23,7,29,17,29,18,13,30,21,15,12,12,25,9,21,29,-1,21,5,2,13,25,22,19,0,18,24,22,4,23
16,0,17,17,26,2,18,5,-1,12,17,28,5,5,6,2,8,2,27,29,5,21,14,17,9,26,3,9,26,26,16,28,6,29,-1,7,2,3,19,18,11,9,12,27,0,0,7,11,30,19
21,29,1,21,3,14,22,11,6,16,26,2,26,23,22,1,16,14,28,10,11,8,26,30,1,20,14,5,21,29,17,10,30,15,26,14,12,15,21,23,1,2,5,-1,6,18,1,17,10,27
18,27,9,8,1,18,18,13,10,18,19,20,17,29,12,8,7,16,29,11,20,30,15,23,7,19,1,5,10,5,20,29,8,28,23,9,8,16,14,20,14,14,0,26,6,10,28,16,6,27
-1,19,13,1,14,18,24,12,12,12,3,29,3,0,13,24,6,5,9,30,26,26,10,12,6,5,24,18,17,10,30,3,28,7,4,-1,10,12,11,2,-1,19,19,19,26,6,8,5,16,23
3,19,26,0,13,13,3,22,10,29,8,8,24,17,-1,22,28,18,19,17,22,30,30,7,19,26,7,18,6,28,27,26,28,-1,0,22,13,3,3,18,30,19,26,15,20,14,30,18,30,16
8,5,28,12,11,14,24,20,13,26,10,23,25,1,18,30,6,28,21,-1,22,15,29,29,28,8,9,19,2,8,-1,29,24,18,25,26,3,4,21,1,28,7,8,15,1,29,24,14,17,20
20,27,19,21,6,4,12,10,20,0,-1,28,4,24,1,7,21,12,5,13,22,-1,3,21,13,20,4,11,11,1,17,15,7,2,15,15,5,6,30,14,7,25,6,5,22,11,23,13,7,14
4,3,27,29,22,10,29,2,11,28,27,0,8,1,2,25,12,4,12,9,24,8,29,16,4,4,23,26,14,4,22,2,15,11,22,29,12,12,5,23,0,14,29,14,23,30,8,18,6,9
25,11,30,20,2,3,19,1,27,12,7,12,28,16,5,5,14,29,1,10,1,9,13,22,26,28,-1,7,9,9,12,29,29,10,17,13,16,7,16,13,0,6,19,2,17,24,10,0,25,0
17,29,7,16,29,21,17,15,6,28,23,2,5,26,12,3,6,27,13,7,13,20,11,17,15,5,17,9,26,3,28,20,5,24,6,9,4,30,27,0,-1,8,13,19,2,26,17,21,17,9
26,18,17,21,28,27,14,9,13,30,10,22,8,4,2,28,-1,2,7,28,21,28,3,3,14,24,-1,8,9,9,16,10,3,25,9,28,7,9,24,26,22,12,14,11,7,3,23,10,0,3
9,1,21,2,30,19,23,7,3,29,13,26,-1,28,15,10,24,23,19,13,3,11,24,10,26,0,4,-1,16,1,15,3,29,20,19,26,17,5,30,10,23,1,23,7,18,18,30,1,14,1
1,19,5,18,28,1,10,28,24,-1,-1,21,19,4,3,0,12,28,7,10,22,13,16,3,17,26,10,1,14,18,3,1,19,0,1,22,3,22,11,28,5,15,22,27,4,2,6,23,30,2
25,4,28,6,14,28,16,11,-1,7,1,30,1,27,22,9,2,20,30,13,22,30,16,24,2,25,0,8,9,21,3,26,0,20,7,27,25,12,7,8,29,0,18,25,11,15,0,26,11,14
24,12,19,27,8,30,30,14,25,4,28,8,30,1,29,16,9,3,2,14,7,27,10,25,19,24,23,2,20,16,25,-1,8,12,14,20,11,5,10,5,24,3,26,23,26,15,11,2,22,3
23,13,6,8,-1,29,5,26,11,5,25,-1,1,11,21,16,19,2,21,16,19,3,28,8,2,18,23,16,0,21,5,20,16,16,1,21,-1,16,27,28,21,29,7,5,19,24,3,22,13,0
2,21,15,3,4,1,15,14,28,11,6,27,28,17,5,27,23,23,17,4,30,9,1,28,18,5,22,1,6,24,28,29,12,3,5,25,17,5,6,2,24,20,23,5,19,4,26,3,13,8
19,12,4,22,10,27,13,1,18,30,26,13,13,14,28,25,16,6,23,21,1,10,12,4,30,0,24,3,19,4,3,-1,10,21,6,0,17,13,23,23,14,27,11,4,22,17,8,26,24,3
4,25,17,6,3,26,27,20,0,1,6,30,12,9,4,0,25,0,18,10,22,16,26,0,8,24,23,0,26,4,13,29,22,15,8,7,25,12,15,12,11,22,15,24,18,9,13,6,9,11
12,18,26,10,9,13,3,18,25,27,10,19,24,14,20,27,27,7,16,14,4,17,8,22,11,26,22,14,0,15,1,18,-1,16,25,15,11,2,9,4,11,28,6,16,24,-1,10,9,30,2
13,8,27,15,30,25,19,7,25,11,24,18,15,1,4,25,14,16,17,7,20,8,17,7,2,14,10,14,27,30,20,8,5,15,15,21,5,9,8,13,19,-1,4,16,0,4,5,6,5,16
0,27,-1,25,9,2,20,12,20,2,20,25,24,13,13,27,21,22,18,10,24,22,6,21,24,0,3,2,27,25,20,24,23,15,30,0,26,15,18,15,29,1,26,3,18,17,4,8,23,0
2,20,1,2,29,19,29,10,13,-1,5,25,11,15,4,12,-1,9,3,15,19,13,-1,13,20,24,30,16,18,23,1,5,2,1,23,28,2,12,25,26,14,7,17,22,14,21,18,-1,10,18
1,26,7,8,21,24,13,26,29,1,28,8,19,18,12,9,-1,1,5,1,21,21,19,5,28,16,12,28,22,22,6,10,6,24,0,18,17,5,7,24,9,14,28,5,21,16,23,0,25,29
13,10,29,14,16,4,13,11,1,-1,5,21,25,20,7,3,23,10,26,25,17,7,17,30,25,12,-1,6,12,3,8,13,2,22,6,9,9,21,0,24,10,9,13,21,28,8,23,9,7,18
13,6,11,-1,1,3,-1,21,12,0,15,19,10,8,1,25,16,25,18,-1,22,5,25,19,4,16,-1,19,13,19,8,7,13,7,4,14,4,2,24,29,23,24,19,-1,7,23,0,5,5,30
1,9,22,6,8,28,22,14,27,15,19,11,4,13,10,1,-1,13,15,4,2,7,8,13,25,-1,15,21,23,10,18,30,-1,4,17,16,20,22,12,3,1,26,17,16,17,30,-1,3,12,30
11,20,27,8,25,30,19,16,16,9,6,24,24,0,7,26,25,4,-1,25,24,6,30,9,26,2,13,7,16,18,27,-1,29,21,-1,27,19,-1,30,15,0,28,3,28,15,5,2,6,3,3
15,4,1,8,3,18,4,20,1,23,15,14,18,0,17,23,24,23,23,30,28,20,30,10,2,7,26,26,13,-1,1,4,23,29,6,4,1,7,7,3,5,16,18,18,5,-1,11,-1,10,7
0,0
49,49
end
