29,8,14,15,19,5,1,24,13,14,29,13,26,26,7,30,9,19,0,21,9,9,3,0,7,25,10,27,13,15,5,8,29,1,11,8,29,11,23,15,12,14,29,21,3,8,30,22,6,5
19,26,24,15,11,18,10,14,26,19,18,15,13,29,23,16,18,7,30,27,27,7,0,28,17,6,30,3,18,7,11,21,11,14,7,15,3,21,10,20,1,10,11,5,13,28,4,21,23,2
13,29,19,11,7,18,9,15,6,0,8,-1,8,8,20,5,19,24,11,14,4,-1,-1,6,5,24,9,18,23,1,0,15,19,6,9,14,3,25,22,2,2,25,1,10,4,8,17,23,25,11
0,20,18,3,10,12,19,24,11,1,25,23,14,6,23,28,0,11,11,21,8,26,1,9,30,25,7,15,26,18,10,2,26,0,19,0,-1,22,1,27,23,13,9,18,14,17,8,28,10,8
25,6,18,3,25,7,29,24,23,9,20,-1,7,27,30,-1,17,7,11,10,8,4,22,2,-1,15,-1,-1,8,27,22,14,28,18,6,28,1,14,22,12,4,18,1,17,20,30,14,21,4,4
28,12,15,24,16,10,24,3,11,29,30,24,29,20,4,4,18,0,26,18,15,7,23,24,8,11,12,1,6,19,-1,9,23,11,12,26,22,8,19,24,25,4,10,13,28,29,2,22,20,17
24,27,19,21,11,7,30,16,12,29,30,23,8,20,14,29,4,28,19,22,22,0,23,0,18,27,22,11,23,8,22,13,9,30,-1,9,18,3,14,15,16,14,22,10,13,15,5,23,5,3
13,11,3,6,6,28,17,0,23,9,1,29,21,19,22,5,15,24,12,17,7,1,24,26,18,8,30,15,28,1,28,19,0,19,0,0,24,4,29,11,4,-1,14,26,21,12,8,11,12,22
26,20,3,26,30,26,30,3,8,24,2,7,7,27,6,4,13,26,11,11,19,14,2,7,5,9,1,4,3,13,15,1,8,24,10,15,1,9,14,29,29,16,-1,17,27,27,29,24,23,19
17,3,27,15,9,14,25,24,1,19,-1,11,25,7,12,22,-1,6,4,-1,6,22,1,3,5,25,1,17,27,13,14,6,8,22,7,1,24,27,7,12,8,30,14,16,8,25,11,23,7,14
23,2,27,24,29,19,20,18,22,3,2,9,15,24,10,19,29,20,21,27,22,12,16,28,5,24,21,5,16,1,1,14,27,4,2,16,10,19,8,22,24,10,15,16,27,23,30,6,29,17
5,6,11,2,-1,0,10,19,7,26,21,29,26,1,19,11,20,18,0,15,9,18,24,0,25,9,17,2,24,-1,1,16,21,1,22,20,11,14,5,30,28,23,29,17,14,25,2,2,7,2
15,21,7,3,30,6,1,27,14,19,11,26,30,3,20,18,20,17,0,11,24,23,11,18,0,1,22,28,22,21,26,24,20,13,24,1,8,9,30,8,16,8,1,23,17,24,16,5,0,21
16,-1,19,14,9,18,10,19,2,9,10,16,5,24,8,28,18,21,24,6,25,5,6,9,23,25,23,19,19,26,29,19,25,19,28,28,18,13,29,1,17,29,5,9,20,2,5,30,25,22
21,24,-1,20,-1,13,19,6,30,1,13,5,26,22,23,-1,11,21,19,25,24,4,28,4,16,21,23,21,11,23,3,14,18,6,26,29,11,18,24,18,15,11,26,25,7,13,9,12,28,19
11,16,8,7,28,16,0,25,13,29,12,6,8,6,9,11,4,0,17,19,23,20,30,27,-1,11,21,7,-1,6,-1,14,17,6,21,26,21,8,21,25,17,6,2,22,21,22,9,26,10,22
1,18,-1,-1,18,6,19,24,30,14,24,1,4,22,26,0,28,12,3,11,17,15,16,27,24,23,30,12,7,24,21,-1,0,11,18,9,17,14,0,22,16,8,29,29,1,6,13,3,3,6
23,16,19,24,23,29,17,0,22,9,11,0,19,20,11,0,22,24,30,21,24,0,11,18,13,25,6,24,13,15,1,20,3,2,21,22,20,16,17,21,20,4,15,8,7,29,24,1,3,12
3,0,20,22,1,23,20,9,17,11,4,28,20,0,15,28,30,19,20,7,10,24,25,9,23,10,8,9,5,21,14,26,12,14,27,4,-1,16,0,24,28,21,13,2,27,-1,1,26,30,11
25,17,2,0,27,6,30,14,0,-1,6,10,4,22,11,27,26,2,30,30,10,0,30,23,0,29,30,15,6,27,14,23,8,18,19,9,29,15,17,28,20,18,21,28,16,8,28,3,15,21
23,10,0,9,11,9,17,15,17,27,0,15,28,26,0,7,13,28,6,30,10,6,8,0,9,4,22,25,12,18,6,6,11,26,13,1,6,-1,18,20,30,28,11,5,26,11,1,23,10,10
20,30,10,5,30,18,-1,14,4,20,21,9,9,11,0,8,18,28,13,0,7,22,18,28,22,18,29,17,22,6,27,18,4,28,12,14,19,27,24,23,9,19,8,12,22,7,18,21,16,9
29,28,21,-1,4,17,0,10,3,13,-1,15,11,30,30,21,23,10,16,27,7,23,16,-1,21,17,15,5,20,27,3,10,-1,5,26,25,21,17,1,11,22,12,28,27,2,24,28,29,10,20
16,21,10,14,19,6,3,17,18,21,-1,3,20,25,12,15,10,18,13,4,30,4,26,10,17,25,4,25,28,-1,23,20,6,22,1,29,3,-1,16,29,26,6,22,30,12,28,30,3,26,9
18,16,30,3,25,9,17,14,0,12,12,10,12,11,4,4,9,0,27,2,20,15,11,20,12,27,20,3,7,15,1,13,21,23,24,5,19,17,7,22,20,20,22,5,23,19,20,-1,7,20
12,6,30,26,13,26,28,25,-1,3,22,13,30,16,21,13,30,4,7,11,9,22,15,26,19,8,21,8,21,26,16,28,29,21,15,3,28,11,27,6,16,29,22,28,0,8,30,20,9,29
17,8,9,26,30,25,12,1,19,30,9,29,14,22,7,7,17,29,19,28,18,22,3,23,12,4,8,28,24,19,22,25,-1,23,19,6,21,5,28,23,29,17,18,6,25,8,1,26,6,15
16,29,14,0,30,8,19,27,20,2,12,7,16,19,1,15,26,7,5,2,23,1,8,22,21,11,7,22,-1,22,29,1,0,22,5,19,4,30,13,11,12,19,27,15,8,15,28,26,26,27
18,2,9,11,24,16,25,7,0,13,15,30,15,12,25,7,9,29,21,8,4,17,24,3,4,15,2,26,4,25,6,14,28,11,4,28,7,15,28,2,10,5,10,9,2,28,9,21,28,1
24,15,14,2,11,25,26,-1,19,13,2,10,29,27,15,9,1,6,12,3,16,13,28,6,1,17,12,-1,23,15,21,18,15,26,13,23,11,24,25,25,19,28,1,19,4,8,17,5,23,12
13,17,30,10,-1,27,18,28,8,21,21,20,1,1,25,4,8,8,28,14,28,2,16,11,12,18,24,13,6,16,17,5,13,30,18,11,13,-1,7,27,2,25,30,1,6,9,15,13,22,1
18,4,21,15,27,2,3,4,6,24,18,19,29,7,2,26,13,16,22,10,5,23,12,3,7,28,23,27,11,-1,6,28,13,24,3,29,20,1,19,10,6,15,0,19,5,26,3,30,29,12
13,16,11,4,5,23,11,20,17,4,28,2,14,9,9,1,21,6,27,28,6,0,2,30,28,9,5,16,16,6,26,16,4,2,28,29,28,3,22,1,15,20,26,4,-1,26,4,30,19,16
17,0,11,8,7,4,23,17,29,19,8,0,14,8,13,13,24,27,9,3,4,0,7,27,13,3,17,22,28,10,12,24,24,21,3,6,14,15,7,22,19,0,21,23,20,8,14,2,12,28
11,19,12,22,8,28,17,8,25,27,14,29,9,0,30,22,12,25,26,12,18,24,27,29,30,13,11,29,17,22,22,19,4,29,0,11,3,3,3,11,25,28,21,9,22,21,30,23,15,19
30,30,5,26,23,1,9,12,23,28,11,13,1,29,11,30,27,2,27,10,17,19,19,22,11,17,24,22,18,8,7,4,19,9,3,9,29,15,5,0,8,27,24,2,17,8,6,5,9,16
10,6,15,1,23,22,22,0,10,1,26,25,18,4,13,7,18,29,13,20,12,2,25,25,7,-1,25,7,8,4,18,29,13,1,29,30,26,0,4,17,5,21,12,10,16,25,11,18,8,0
9,23,19,-1,3,17,1,15,14,3,22,17,22,13,26,2,1,9,17,3,16,14,9,27,-1,6,21,26,22,14,1,9,12,11,8,17,18,8,5,23,18,0,22,17,29,17,7,26,3,11
6,9,2,14,0,14,27,8,12,15,13,7,30,23,20,25,17,12,10,7,20,12,30,24,11,29,20,22,24,15,17,4,29,14,10,11,16,22,7,21,9,20,28,9,7,14,22,23,23,6
3,30,7,0,18,3,25,6,22,21,29,16,10,4,9,23,3,28,1,9,4,17,26,3,-1,2,16,10,12,3,15,20,12,27,18,14,4,24,-1,20,7,14,25,4,7,30,14,12,30,11
-1,30,2,13,15,7,20,23,0,29,22,21,19,6,23,7,26,24,8,8,23,18,30,29,16,12,22,13,24,8,8,28,18,6,28,13,9,17,15,29,1,17,7,26,25,18,18,23,4,2
5,0,22,7,10,11,15,26,2,8,13,15,17,1,13,-1,22,26,2,9,5,13,8,7,26,19,30,16,22,9,6,4,15,22,5,9,7,5,24,3,12,29,1,26,29,16,5,19,2,12
11,10,10,29,16,25,4,28,9,7,26,29,19,26,14,1,1,14,23,21,15,11,17,14,9,4,4,13,22,6,19,8,28,22,1,13,20,25,11,2,29,20,8,2,30,17,21,17,17,17
3,12,12,17,16,18,16,2,2,-1,15,10,26,15,23,8,4,23,11,25,16,-1,6,24,29,25,8,10,2,1,29,23,20,3,3,3,-1,7,28,26,28,-1,8,22,10,22,28,25,29,12
9,19,24,5,12,17,20,26,9,16,30,-1,21,28,27,25,17,-1,30,10,30,15,12,13,13,9,0,26,23,10,10,23,8,6,10,20,30,18,5,27,9,5,16,22,6,28,26,-1,7,18
11,12,-1,9,8,10,24,26,9,3,18,30,4,23,4,26,10,12,9,6,30,30,13,8,22,12,22,13,0,7,5,10,26,4,24,10,8,18,2,19,28,20,11,23,3,25,1,19,11,1
21,17,23,4,7,6,25,17,29,28,23,17,2,23,15,27,19,9,3,-1,30,17,26,5,27,19,20,10,12,22,30,16,21,15,6,29,26,14,21,0,3,0,24,17,16,13,30,17,18,20
13,27,5,15,30,30,23,14,26,5,18,27,5,14,5,20,20,26,6,25,1,28,12,30,29,6,24,25,25,2,26,16,6,25,28,19,6,6,12,26,2,11,18,1,9,8,-1,0,2,16
24,1,30,21,26,25,10,29,12,20,7,8,17,7,23,15,18,16,29,24,30,12,7,22,28,0,8,5,28,1,26,12,29,18,19,16,-1,12,19,11,3,16,1,9,12,7,13,-1,21,30
27,2,5,23,27,17,7,20,8,22,10,-1,29,0,20,28,29,23,22,25,27,2,26,10,19,9,28,22,16,30,11,29,24,20,4,24,29,30,13,15,21,15,11,16,30,22,25,8,8,27
0,0
49,49
end
