14,8,15,21,23,6,16,27,2,23,19,17,8,11,8,12,-1,2,1,26
20,12,0,11,30,24,24,16,16,22,9,4,4,5,20,0,14,10,6,30
14,19,27,12,2,16,18,21,10,29,18,10,11,14,29,25,2,4,5,30
28,7,-1,21,12,16,10,0,21,16,15,29,22,18,6,13,27,8,30,25
29,5,23,7,13,30,18,29,4,7,7,16,6,5,5,21,16,16,11,0
27,13,1,10,2,14,0,18,29,10,22,25,14,21,30,23,11,18,26,6
7,11,19,24,25,19,13,3,29,7,12,2,18,2,28,0,3,1,11,14
1,28,21,28,27,5,15,6,15,16,10,9,13,9,1,13,2,0,15,0
11,19,26,30,13,27,27,16,25,20,30,13,13,13,13,16,1,27,4,12
21,10,13,7,15,11,30,30,16,7,13,11,15,6,1,26,21,2,4,25
26,3,27,15,28,8,10,17,26,6,3,2,18,25,19,21,20,7,17,18
15,21,24,5,10,4,24,25,17,15,13,21,14,17,15,10,26,2,8,14
18,4,14,2,2,3,18,30,16,16,13,9,19,18,22,13,27,2,17,0
10,14,21,29,21,19,23,15,16,1,11,17,4,15,26,29,6,27,7,14
16,27,8,10,-1,8,7,2,5,2,0,5,24,-1,27,20,21,13,20,2
26,0,19,19,3,19,3,4,17,0,16,25,21,26,5,24,1,19,8,5
30,24,8,15,-1,11,19,26,29,6,23,25,23,6,23,29,0,28,23,0
10,30,0,22,15,6,5,23,17,25,4,12,16,0,24,22,1,14,3,20
-1,27,21,12,0,15,25,1,26,2,29,17,1,9,-1,26,13,-1,9,23
14,17,12,11,8,26,-1,7,4,14,19,-1,4,26,27,27,16,-1,-1,19
0,0
19,19
end
