13,20,11,30,27,23,19,24,17,24,15,17,29,10,24,0,29,25,12,26,1,11,1,8,14,21,17,12,-1,20,29,25,0,10,1,17,4,12,0,23
20,14,12,26,20,21,10,17,15,21,12,2,4,17,13,21,23,26,26,21,15,24,2,3,14,12,5,19,9,6,28,28,24,11,10,27,4,11,2,15
12,19,2,11,0,9,2,28,24,28,26,19,7,10,23,5,8,24,27,27,6,12,25,7,4,26,23,20,9,21,19,11,9,25,9,23,14,20,25,0
29,20,15,28,30,0,14,20,3,-1,22,5,27,14,15,9,14,0,2,25,19,2,1,20,9,4,25,25,23,27,30,10,1,1,18,18,2,21,21,7
25,14,29,4,27,-1,17,10,16,18,26,5,13,11,10,10,20,30,22,18,20,3,29,29,4,10,8,11,4,10,-1,1,-1,27,9,14,20,17,12,29
21,3,21,24,24,28,17,1,5,7,4,23,30,9,30,1,30,16,11,27,27,2,8,25,26,20,20,0,1,24,8,13,1,20,6,20,28,23,2,4
25,0,8,21,7,7,22,0,12,21,23,27,14,16,30,13,8,20,9,6,3,-1,21,25,2,14,9,17,10,9,11,4,2,3,4,16,9,10,27,15
21,12,8,20,29,25,0,21,-1,27,27,15,0,10,22,-1,16,21,18,27,20,21,20,5,13,14,27,15,30,13,12,15,26,8,3,17,11,22,22,15
17,17,16,10,3,-1,8,17,4,26,7,17,11,2,16,30,30,12,5,26,14,2,24,23,17,19,22,8,2,0,22,27,15,21,20,0,6,20,23,23
3,10,20,30,6,18,3,29,6,3,-1,6,3,2,13,17,7,8,19,4,23,0,12,-1,14,27,16,16,30,11,11,6,14,11,16,27,11,4,14,16
1,26,-1,18,17,14,3,25,14,1,27,17,19,9,22,23,20,16,4,16,23,29,0,8,9,30,30,5,10,7,2,28,6,20,26,16,15,4,21,9
5,28,18,29,1,17,1,0,14,17,6,22,5,6,19,13,30,5,-1,2,11,27,13,29,11,13,2,6,14,30,8,16,22,25,12,9,22,6,4,27
5,22,11,5,23,11,19,26,1,15,5,25,22,10,22,18,2,23,-1,16,8,18,2,27,-1,-1,14,10,19,13,23,20,10,8,-1,15,16,23,19,30
20,24,8,15,22,27,16,26,10,29,25,15,4,18,0,13,0,19,20,7,24,17,5,0,4,9,17,0,21,26,30,8,13,2,6,12,7,11,1,2
20,3,22,10,6,2,26,19,-1,29,26,30,26,15,3,25,8,7,7,7,3,17,23,4,14,20,8,6,9,1,1,2,21,13,4,4,20,10,25,30
4,22,24,5,22,9,7,15,11,14,2,18,8,26,23,14,13,5,9,28,18,12,27,18,10,7,3,2,8,18,27,29,8,26,25,6,29,10,28,8
5,25,23,18,19,-1,8,25,26,12,8,17,1,0,3,28,14,19,25,28,22,21,25,26,27,9,9,5,18,29,3,18,3,13,12,12,7,14,7,28
14,28,3,24,-1,-1,25,7,14,22,16,8,13,19,14,8,6,30,29,6,10,9,15,16,2,12,19,9,12,5,-1,27,8,30,7,13,26,16,29,28
4,4,7,25,17,16,17,29,18,13,21,9,18,29,26,2,4,29,13,5,30,0,8,9,20,-1,3,22,4,5,26,9,19,21,11,15,17,27,-1,10
30,24,5,19,30,17,27,10,3,26,10,11,8,28,20,17,-1,19,1,25,5,9,22,5,18,23,2,6,8,30,11,18,3,6,23,3,16,24,9,15
19,6,12,22,20,20,14,19,22,26,9,16,20,28,29,16,20,20,2,15,22,-1,4,22,16,24,29,17,7,20,5,26,15,24,13,0,19,27,13,4
2,2,26,6,16,14,4,20,7,29,7,12,18,22,27,28,12,8,1,8,17,26,0,11,21,13,15,22,21,2,14,30,15,26,19,30,8,14,29,13
18,10,14,16,9,0,28,-1,22,5,26,2,3,-1,15,2,30,20,26,5,25,19,30,0,22,13,19,-1,2,11,22,4,20,8,4,22,26,3,28,17
29,-1,30,17,4,18,17,11,24,23,8,25,6,17,20,23,29,26,27,12,25,12,16,28,12,2,11,13,1,27,24,28,13,28,4,8,0,7,14,30
-1,11,27,17,4,6,17,12,9,27,7,23,5,17,13,16,19,16,20,23,17,12,18,18,3,-1,19,4,1,1,20,28,6,3,15,24,20,7,3,22
2,2,5,11,27,28,9,13,14,18,6,24,1,24,7,23,6,23,15,1,14,0,18,19,24,0,18,18,4,26,3,6,16,24,12,12,26,-1,5,14
13,14,3,1,-1,9,30,17,5,3,3,2,13,30,2,28,28,30,29,30,23,29,4,16,18,20,20,13,29,3,10,25,12,11,14,27,10,26,6,21
22,17,8,0,12,15,30,8,13,15,20,23,21,4,27,24,11,29,10,5,1,9,9,1,1,26,6,27,6,0,25,10,13,19,24,-1,14,28,18,16
4,16,7,11,28,2,25,1,13,18,9,19,6,20,10,29,29,25,9,6,19,11,28,19,18,21,18,2,9,11,24,29,6,28,3,1,25,29,10,-1
13,30,7,10,27,5,21,16,19,28,5,25,3,4,29,11,30,20,18,21,26,16,7,9,12,12,16,21,2,7,4,23,16,9,14,11,7,10,13,29
9,11,5,30,10,25,2,13,10,1,4,13,28,8,2,30,16,11,26,5,12,7,28,2,9,2,-1,22,28,30,9,29,20,12,9,9,21,9,7,6
5,23,10,6,30,13,6,16,24,27,11,29,8,16,5,23,26,-1,1,13,23,6,22,8,-1,30,28,7,29,0,13,29,14,23,9,8,15,18,2,-1
15,21,15,-1,14,24,12,21,3,18,30,16,-1,30,21,15,8,14,5,20,-1,11,11,15,2,20,22,7,13,0,8,6,4,0,10,2,-1,1,14,18
7,3,10,25,13,2,30,24,26,9,-1,27,18,21,7,15,1,25,25,26,19,8,8,28,28,17,16,29,20,30,23,-1,30,4,6,13,22,30,-1,8
-1,28,3,9,16,24,19,-1,0,14,19,18,9,0,28,5,29,8,8,26,7,7,6,18,11,20,24,4,26,9,30,3,4,9,17,-1,13,2,30,28
17,20,8,11,15,8,6,15,27,19,6,1,17,1,27,2,26,-1,0,3,11,29,8,7,15,27,2,2,21,27,10,8,5,0,1,22,16,19,13,30
14,17,28,26,7,18,27,14,23,22,13,13,4,1,20,25,13,17,5,1,13,14,13,24,21,28,11,5,5,25,14,22,9,2,3,29,2,11,2,16
17,2,14,20,-1,-1,17,18,21,2,29,3,2,18,5,21,-1,15,12,11,29,20,25,16,12,4,7,16,-1,2,28,12,15,26,8,28,24,9,24,26
0,14,28,4,27,17,3,19,23,2,9,30,27,24,10,12,17,7,20,0,1,12,-1,1,15,30,30,26,21,11,23,17,21,13,11,5,22,21,20,8
26,14,25,28,27,8,0,0,17,16,22,3,26,4,14,-1,8,24,20,1,13,19,28,5,25,2,30,23,22,18,12,22,12,10,14,27,-1,11,14,26
0,0
39,39
end
