19,15,15,23,17,6,11,7,-1,27,10,23,-1,9,10,10,14,0,25,27,10,8,18,26,23
27,16,26,12,29,3,18,30,19,28,22,16,27,14,0,3,2,11,28,27,24,3,4,5,15
19,10,2,21,12,25,25,5,21,19,12,25,12,14,28,10,4,1,18,17,23,7,20,21,6
21,29,13,25,21,24,15,26,26,7,17,25,30,27,20,-1,1,30,26,9,18,4,18,2,5
22,27,29,13,21,20,13,9,21,1,26,15,16,18,21,9,17,28,25,6,2,28,3,1,2
8,28,4,16,3,1,5,5,17,17,6,3,5,9,16,23,0,0,13,30,14,19,11,0,5
26,5,29,2,15,9,2,16,21,7,11,8,2,19,1,6,22,10,28,11,12,19,8,13,5
22,25,-1,24,-1,-1,23,9,-1,21,3,0,30,1,27,30,2,-1,3,27,11,0,30,22,12
7,4,27,22,12,11,6,11,21,16,7,30,25,14,4,13,11,13,0,26,26,12,18,7,9
9,6,11,9,0,26,9,13,14,10,3,-1,-1,12,12,0,8,6,27,19,15,-1,6,8,23
22,16,14,18,12,21,26,2,4,16,15,8,1,24,29,3,17,5,0,25,-1,30,10,21,11
17,28,10,13,14,11,18,14,27,10,11,25,18,12,7,22,26,24,13,23,3,0,25,26,22
28,1,21,19,10,20,16,19,12,19,11,23,14,21,10,26,23,12,25,13,0,-1,1,0,7
27,24,8,29,23,20,14,29,12,29,17,11,12,15,21,1,23,17,18,29,12,14,29,15,11
16,-1,6,7,0,19,27,15,21,13,11,21,26,4,26,18,21,17,1,14,20,3,17,24,18
30,23,26,21,8,9,20,13,17,23,18,23,8,15,13,7,23,25,11,7,3,23,14,22,14
10,17,9,5,13,11,4,0,23,22,12,14,7,2,28,19,17,27,3,16,3,26,21,1,1
14,22,29,12,2,-1,8,2,27,28,8,21,21,30,9,17,-1,29,-1,28,22,0,10,9,26
22,3,2,18,22,0,13,2,13,3,8,30,12,18,1,22,18,27,21,28,-1,27,10,21,6
25,10,17,16,5,21,9,6,24,19,4,18,24,0,27,20,0,28,4,30,3,6,-1,18,16
5,12,14,-1,24,8,14,27,20,5,25,9,9,3,16,27,22,9,29,7,10,20,27,18,11
9,21,11,7,13,27,7,27,26,18,15,29,14,26,16,15,18,19,9,5,6,3,25,7,9
3,2,7,7,17,30,5,20,13,6,26,0,8,7,6,12,8,10,16,30,26,16,16,15,15
16,9,23,21,1,20,6,17,-1,22,30,7,15,21,4,20,11,2,0,25,22,2,7,8,17
0,24,18,2,15,13,5,29,13,7,6,1,3,18,15,29,26,14,14,25,19,28,2,-1,24
0,0
24,24
end
