14,1,4,0,15,2,26,28,8,22,25,24,7,28,15,12,7,5,4,5,4,1,13,14,14,15,15,7,26,14,20,1,21,5,29
28,24,-1,14,3,21,28,25,-1,2,9,5,18,19,17,3,24,7,6,6,18,7,12,3,18,5,14,25,24,12,9,13,23,13,29
5,11,18,18,6,6,3,11,29,29,7,16,12,17,9,9,-1,9,5,5,24,13,15,15,27,0,25,25,22,-1,4,6,6,26,29
19,10,22,12,28,15,21,17,7,26,10,28,14,14,25,21,14,13,11,22,27,6,9,13,3,24,4,2,23,28,22,14,27,25,8
10,11,-1,30,18,20,10,8,22,6,16,24,2,7,3,3,25,3,20,21,21,11,17,0,12,0,6,1,21,23,2,25,1,11,4
14,27,8,14,29,27,3,-1,24,16,23,5,4,21,14,5,18,0,9,15,18,0,5,2,6,4,28,17,10,13,29,2,6,28,11
1,29,28,-1,6,9,21,5,1,3,4,9,2,25,25,19,25,1,10,14,13,28,-1,-1,2,11,1,22,12,29,12,27,6,2,5
24,4,7,2,10,20,26,9,8,3,10,10,18,16,22,18,11,19,20,26,22,18,25,5,2,26,21,30,13,21,16,27,2,11,6
11,30,17,27,9,12,13,16,29,17,22,5,-1,0,8,9,16,22,30,20,17,10,3,5,6,14,15,27,13,6,-1,22,4,17,29
19,1,16,0,15,2,24,17,28,7,28,30,27,21,25,25,14,6,26,26,27,3,22,18,2,0,11,17,30,1,-1,21,27,-1,4
21,8,3,1,28,30,22,18,3,20,15,1,28,27,4,28,9,30,3,26,21,0,19,16,30,17,22,4,23,12,27,23,0,30,13
21,17,5,19,20,26,19,25,-1,12,25,4,23,27,19,27,28,11,18,3,12,3,27,28,26,9,18,5,29,2,18,24,30,14,10
4,26,21,25,14,22,25,10,24,30,10,20,23,14,8,12,21,15,10,13,25,13,21,17,1,15,0,20,8,-1,14,0,7,26,11
8,29,20,22,2,0,-1,27,16,27,17,8,26,12,11,1,1,12,18,4,13,12,11,28,17,29,25,23,19,9,15,24,24,0,13
14,16,15,15,24,11,29,22,8,16,9,18,6,6,16,5,18,12,29,29,26,-1,24,6,6,3,8,5,11,24,8,14,26,15,18
17,21,24,19,4,23,14,13,21,4,22,9,8,28,29,30,-1,21,25,8,0,4,16,22,10,20,30,10,3,4,21,6,5,20,14
23,16,19,-1,0,25,0,30,22,5,27,17,27,13,19,27,1,16,19,20,13,21,9,16,28,16,3,17,17,27,12,7,13,20,17
24,5,20,30,29,30,8,9,16,4,13,20,9,23,25,0,7,23,11,14,5,23,8,29,-1,17,15,30,29,5,0,10,16,29,15
4,7,27,13,14,17,-1,2,25,4,25,30,26,29,-1,3,3,23,11,9,1,16,-1,23,10,13,29,11,9,9,19,0,2,30,12
10,0,4,11,7,6,25,25,7,15,28,19,17,8,-1,27,26,7,22,26,20,25,26,6,4,21,7,20,2,6,5,18,12,10,2
10,12,20,22,29,15,17,10,9,3,13,6,1,-1,2,5,9,7,16,5,5,12,28,17,7,23,0,10,25,15,16,0,7,24,16
2,3,20,3,28,25,1,9,8,3,16,24,3,4,28,24,29,19,9,28,30,-1,9,24,21,21,6,4,28,21,24,5,25,8,15
26,9,16,15,29,13,13,13,28,0,1,10,27,14,3,7,24,21,-1,18,8,9,5,3,19,23,22,17,17,10,28,17,15,7,10
-1,7,6,18,22,20,9,3,24,29,28,20,20,13,4,24,6,21,6,5,14,28,6,10,15,24,-1,1,9,13,25,8,16,17,8
6,23,12,3,12,25,18,11,13,5,16,10,-1,13,12,29,7,21,10,27,30,23,27,22,10,9,0,26,12,12,22,1,22,25,22
12,13,22,12,25,29,12,21,25,22,3,5,17,10,1,7,9,27,20,22,4,17,26,8,26,14,21,28,17,22,0,27,24,24,13
1,5,25,29,7,18,7,6,5,15,27,20,7,4,20,10,18,3,27,15,26,2,14,17,1,12,-1,18,20,6,28,12,12,19,2
20,10,26,21,13,4,7,23,8,-1,17,26,16,22,14,1,-1,17,1,8,22,24,26,17,24,8,9,9,18,29,23,23,1,24,1
28,29,17,7,26,8,3,3,22,12,9,25,27,12,17,25,4,19,28,2,21,9,5,14,4,11,18,2,22,6,10,6,10,3,29
10,0,28,7,11,27,17,22,0,18,3,21,11,24,18,29,28,23,29,15,0,3,4,30,18,20,13,19,29,21,-1,12,9,2,18
21,2,20,20,25,1,2,11,15,22,0,0,3,3,20,30,29,18,17,22,6,26,22,22,0,19,30,3,3,18,20,20,-1,23,0
6,30,25,18,23,-1,27,17,16,26,15,16,18,27,10,15,25,18,23,20,23,26,13,6,-1,28,2,14,5,5,13,9,22,18,12
2,2,2,5,26,21,25,19,25,6,19,6,12,25,17,17,7,26,3,18,15,4,6,22,30,11,19,30,19,7,2,0,29,0,3
22,16,6,6,27,3,13,9,14,29,21,29,22,2,3,-1,11,23,11,17,15,4,4,1,19,12,5,16,28,27,21,8,0,18,11
21,21,16,9,25,10,14,29,4,21,7,10,14,17,12,15,29,27,3,26,5,27,3,0,21,9,7,22,26,4,12,21,6,26,26
0,0
34,34
end
