14,20,16,30,10,6,13,4,22,19,6,-1,15,27,13,18,18,24,24,0,12,15,24,30,27,6,22,12,16,23,15,-1,2,25,22,5,12,9,8,25,0,8,26,17,5
5,18,8,13,9,2,20,8,9,7,19,25,11,13,26,1,18,5,24,2,30,27,26,5,28,12,22,24,7,11,28,0,10,7,5,16,25,28,19,-1,8,4,14,25,27
17,-1,6,12,21,9,10,7,17,8,11,10,17,30,8,18,22,27,-1,2,12,0,20,12,12,4,23,24,0,0,25,22,12,11,24,5,7,0,15,16,27,11,17,11,15
18,11,6,22,12,12,0,4,24,25,6,20,0,3,20,21,14,28,-1,24,14,26,13,21,2,30,25,22,1,22,19,27,30,0,3,5,14,30,13,3,8,14,2,7,8
21,17,8,10,8,26,4,28,7,21,15,7,8,14,19,27,6,24,19,14,24,14,27,1,18,7,20,29,23,12,9,28,30,3,12,29,21,18,0,7,11,21,6,16,13
18,28,24,26,7,7,14,9,3,8,13,2,15,11,8,11,13,13,11,12,19,1,20,7,9,2,14,5,-1,26,27,17,12,30,29,17,4,24,28,17,12,10,5,1,21
18,20,17,24,28,14,3,15,27,22,3,22,30,1,1,4,15,2,0,27,19,17,16,30,26,6,18,6,14,23,8,-1,6,16,13,11,-1,0,22,15,22,5,30,11,17
5,0,27,27,22,24,14,19,6,29,2,5,5,12,9,3,20,28,5,7,9,21,1,6,29,24,24,16,13,20,11,27,29,11,12,16,19,3,21,10,0,9,0,24,18
28,24,20,12,22,14,25,14,18,13,6,6,0,13,2,3,7,0,6,2,-1,28,2,28,13,3,7,14,17,-1,25,22,25,30,8,1,22,19,0,26,2,2,3,13,20
15,10,20,21,18,15,13,16,9,14,7,13,-1,7,6,0,16,26,14,26,13,26,11,7,18,1,2,1,15,16,12,18,25,28,20,7,10,2,-1,15,16,-1,3,0,-1
28,23,10,4,2,17,30,0,16,-1,29,27,29,11,10,30,17,19,11,0,0,26,4,7,19,24,23,17,17,26,8,23,-1,19,16,0,17,7,27,24,15,13,7,10,16
16,17,15,8,23,1,10,13,20,13,5,14,14,2,23,3,6,23,-1,27,10,0,2,7,23,14,11,21,27,29,5,-1,28,3,1,29,5,17,9,25,10,1,7,22,22
18,10,12,25,21,-1,28,5,10,21,12,3,25,4,30,25,3,28,1,15,21,26,4,14,29,17,17,23,19,-1,24,30,3,29,19,25,17,16,18,19,8,21,-1,13,10
15,29,10,11,21,5,28,17,26,12,-1,7,-1,5,29,19,7,25,17,11,28,27,28,14,20,19,19,2,11,5,20,15,22,28,13,2,2,18,24,4,7,29,14,2,27
12,20,13,4,21,10,23,0,27,12,28,19,5,-1,13,11,7,16,-1,20,6,9,29,28,29,12,23,30,4,2,6,17,7,21,15,24,16,25,22,5,25,14,15,0,14
0,4,11,25,24,-1,12,3,-1,18,-1,5,22,21,2,3,3,12,17,7,24,-1,18,30,1,3,17,21,27,12,18,-1,3,19,13,15,20,30,18,29,10,13,7,18,30
13,-1,12,22,13,13,17,6,7,-1,4,9,18,3,17,19,10,13,6,12,6,29,28,27,1,6,23,16,18,8,18,14,27,12,21,27,25,7,24,7,29,29,4,7,29
29,15,11,29,18,29,28,7,4,18,8,22,29,8,7,4,24,11,9,12,20,8,10,11,5,1,4,1,1,29,20,20,10,6,21,4,27,3,4,9,21,13,16,25,21
9,9,26,4,25,14,3,19,27,24,13,18,0,24,27,19,0,12,19,23,0,26,9,23,19,3,8,5,0,6,7,21,1,8,16,12,12,24,9,9,12,3,0,5,13
15,10,29,7,17,5,23,24,22,18,20,21,1,15,14,19,12,17,21,16,13,20,9,0,7,14,3,12,0,5,8,18,5,0,10,12,0,21,25,7,10,2,14,26,14
8,16,12,13,4,22,14,5,24,30,7,4,25,-1,4,14,16,30,13,27,21,16,3,7,26,13,5,3,27,2,23,-1,26,29,18,19,11,30,13,7,1,10,2,21,18
3,2,21,29,28,8,17,24,21,6,2,15,11,28,19,10,3,0,10,16,9,23,12,17,27,17,4,11,9,7,6,-1,1,12,11,5,4,30,0,25,21,5,21,10,1
23,19,25,30,13,22,10,9,26,0,23,4,14,-1,23,30,11,0,16,23,23,8,14,9,23,4,27,21,30,14,4,13,7,10,13,11,30,28,5,10,10,27,22,8,25
-1,29,2,29,4,2,4,6,21,30,15,21,7,6,6,10,17,29,11,21,1,22,20,12,26,19,25,2,27,9,7,19,0,11,23,30,16,14,-1,14,0,19,8,8,26
18,1,29,24,27,12,-1,29,18,12,29,11,9,19,7,18,6,1,7,7,29,14,19,20,2,7,3,17,19,1,13,17,12,26,2,30,30,1,6,15,9,22,13,23,24
7,-1,11,21,28,25,21,12,23,14,20,4,1,7,6,19,13,1,0,28,19,10,29,17,30,10,-1,30,22,10,29,24,6,14,10,30,27,0,10,23,18,22,19,3,30
27,6,17,15,9,14,16,22,12,4,0,22,5,13,24,2,19,1,12,-1,2,13,27,11,11,3,6,23,11,29,8,24,14,23,20,22,25,0,15,26,12,-1,21,17,7
27,18,2,4,12,10,4,10,23,12,20,19,-1,18,26,6,25,24,8,28,9,15,23,30,21,23,17,13,29,7,14,-1,29,9,20,20,26,7,17,2,25,26,11,23,25
25,0,28,4,5,6,1,2,4,25,-1,29,28,12,21,9,17,6,5,11,7,17,0,17,5,29,17,21,1,10,1,18,6,14,15,4,-1,29,7,6,25,11,2,22,14
-1,8,26,1,-1,14,22,8,8,22,30,16,5,3,29,3,13,24,20,9,4,17,1,30,23,8,18,6,11,23,19,10,2,19,3,4,12,-1,21,-1,5,2,18,2,27
5,9,21,25,12,3,8,25,7,30,12,11,6,26,22,15,27,6,22,19,22,23,4,11,12,28,20,4,0,13,6,14,6,27,5,22,24,3,20,22,27,21,26,17,11
30,4,9,19,3,12,20,10,8,12,11,5,13,7,14,3,0,18,28,27,5,29,16,19,3,10,-1,27,-1,0,30,18,7,18,22,22,17,26,0,13,11,21,15,3,14
23,12,13,5,20,1,1,21,2,14,4,22,12,23,7,9,14,12,30,21,25,28,19,3,9,14,20,3,1,27,13,20,23,30,2,5,8,2,7,10,30,24,10,17,14
12,1,22,9,0,26,1,4,4,9,25,20,6,15,22,23,11,20,29,19,5,9,12,13,16,1,15,27,20,7,27,8,30,30,20,0,22,22,11,25,3,1,0,12,10
29,30,4,14,23,14,0,3,25,8,30,16,9,5,11,16,8,26,26,6,25,13,21,17,0,3,2,1,5,0,26,11,20,29,9,8,27,27,0,2,11,16,30,9,7
1,6,29,16,5,26,8,29,23,12,3,16,22,0,14,23,6,0,9,16,25,14,4,25,15,2,21,10,19,3,30,27,29,20,7,11,22,21,10,2,4,17,12,27,1
20,15,12,26,4,28,26,22,13,4,12,15,2,30,27,24,24,8,19,17,0,7,21,7,5,29,24,15,2,11,16,21,22,29,27,1,14,0,29,30,29,4,26,20,6
26,29,14,7,5,4,12,20,30,30,28,24,15,6,27,26,3,6,1,6,26,28,27,14,2,9,9,15,29,12,22,15,29,17,15,7,1,14,7,21,26,3,2,5,12
-1,7,11,6,4,25,13,2,4,18,20,18,22,2,19,28,12,1,29,22,18,23,11,0,13,25,3,1,2,7,11,7,0,2,28,28,18,29,8,-1,10,19,1,21,28
0,22,19,18,26,10,7,6,2,13,30,27,11,11,2,5,19,9,18,9,4,21,8,23,19,10,22,17,14,23,30,13,25,6,20,18,14,-1,11,23,17,15,27,13,6
21,2,23,11,3,15,24,5,17,4,8,0,2,26,16,20,11,20,-1,5,14,24,24,30,24,0,17,23,1,17,5,9,25,10,25,20,12,6,16,6,6,24,2,20,4
14,19,5,1,7,0,20,19,19,18,1,18,6,28,28,28,10,7,23,9,18,28,6,2,13,8,28,2,26,11,11,28,25,16,11,4,0,21,30,20,25,20,0,16,-1
28,2,16,23,10,20,22,28,1,12,19,4,-1,5,7,5,23,12,16,19,17,22,19,21,18,7,-1,13,24,5,5,12,1,24,3,21,-1,24,5,16,30,4,20,24,-1
25,28,18,24,6,7,9,5,24,13,0,21,22,6,27,7,12,-1,16,10,12,22,12,4,1,9,23,23,15,6,1,29,19,26,13,2,13,19,14,3,14,21,27,3,15
16,12,18,27,8,14,7,12,21,19,5,12,2,1,2,5,3,8,5,16,6,22,25,28,19,10,23,5,17,21,10,23,-1,19,16,30,1,11,8,11,11,17,14,16,23
0,0
44,44
end
