2,9,-1,18,3,8,1,27,0,24,13,30,6,18,14
16,16,0,22,10,5,5,9,0,4,-1,24,23,12,12
28,23,16,1,24,26,8,27,9,4,21,23,22,11,0
18,25,7,-1,29,26,18,3,13,20,1,4,2,16,24
21,19,30,10,14,9,29,16,3,12,0,18,22,23,9
16,3,27,19,2,6,26,18,25,20,1,9,0,23,4
3,10,21,20,7,5,21,1,15,9,10,12,22,24,10
16,0,18,22,24,0,-1,30,4,26,13,9,15,13,17
-1,12,14,16,11,15,15,2,14,7,4,7,6,27,9
4,9,19,7,19,20,22,3,23,15,4,27,29,17,0
27,2,22,15,23,17,7,-1,17,29,0,27,20,15,13
30,17,-1,30,6,28,29,26,-1,-1,19,7,29,11,6
17,5,17,9,4,30,13,16,10,17,28,-1,8,2,28
30,23,9,2,0,30,17,6,30,12,20,16,8,21,20
18,30,1,8,2,22,9,2,23,6,25,27,24,28,20
0,0
14,14
end
