19,1,-1,8,26,12,6,4,25,5,16,11,14,18,18,17,29,3,3,22,8,21,0,15,20,19,5,17,6,21
16,7,6,11,28,5,0,25,27,25,9,13,20,0,15,19,5,9,22,2,9,10,-1,10,23,19,21,11,20,7
8,23,26,1,10,27,24,15,2,10,20,12,18,3,13,29,18,25,26,22,3,5,1,-1,6,2,25,27,3,20
10,6,30,14,22,23,13,29,16,24,20,23,22,23,16,18,17,27,0,11,29,1,10,4,22,-1,21,18,17,25
15,20,22,14,20,29,13,21,25,8,30,-1,8,6,-1,26,16,23,-1,25,3,9,30,10,25,17,16,27,4,27
0,2,10,26,19,8,26,30,-1,22,26,1,6,16,21,9,6,24,29,9,27,16,27,28,3,-1,28,2,12,18
15,1,3,1,29,27,30,14,19,0,16,6,11,11,22,-1,4,4,23,19,15,11,26,8,13,27,17,10,1,4
14,0,26,18,29,15,6,17,24,2,0,2,14,6,7,11,0,28,20,29,-1,6,17,19,0,25,24,17,17,13
21,11,30,10,30,2,13,2,28,16,17,28,23,14,19,9,28,-1,1,22,13,30,15,10,22,22,15,3,17,29
27,3,6,28,15,8,20,11,2,16,-1,-1,15,15,30,16,-1,26,12,0,9,19,10,16,29,9,5,5,16,0
21,17,15,7,15,2,7,22,22,0,15,13,3,18,16,12,20,26,23,10,0,13,10,2,-1,20,11,22,2,26
23,-1,17,4,27,19,6,28,6,20,14,13,26,17,10,5,30,27,21,11,4,22,14,5,27,24,3,18,21,4
10,9,17,4,7,8,15,9,14,16,10,26,26,0,29,13,1,2,4,22,11,20,27,3,6,18,24,9,24,20
15,13,9,27,21,27,16,12,9,16,27,25,26,29,27,3,21,18,18,11,0,14,10,16,12,4,26,10,9,22
4,1,25,9,1,6,24,14,28,14,19,1,22,18,8,24,30,13,4,1,23,-1,20,25,1,28,14,0,6,8
21,24,27,4,22,16,6,29,14,25,12,24,17,24,25,0,22,27,11,22,6,0,2,-1,6,2,16,0,17,23
20,4,1,25,14,15,16,18,0,28,24,11,6,15,14,30,2,12,2,25,23,6,6,23,1,2,3,27,25,23
9,20,18,30,12,-1,14,19,8,0,7,5,2,23,4,24,9,15,23,25,27,6,-1,26,1,3,16,15,8,4
9,20,3,19,11,0,3,24,18,2,25,9,24,23,7,26,2,15,28,18,20,6,29,14,21,19,0,12,29,25
20,14,20,20,13,11,3,15,27,1,6,13,6,12,-1,26,14,4,30,20,22,4,13,9,22,23,1,30,12,25
9,27,7,23,4,13,30,2,0,20,20,2,0,17,24,16,6,11,14,25,23,19,13,10,22,16,26,10,14,10
8,12,28,16,21,15,-1,9,17,17,22,15,15,23,2,5,17,26,30,6,13,20,17,3,0,0,29,22,1,26
8,4,27,19,-1,8,21,26,16,15,20,28,5,-1,13,2,23,11,1,29,28,2,6,16,5,15,14,11,10,15
23,11,15,2,23,30,25,6,18,12,27,25,20,24,6,3,19,27,18,0,25,10,8,2,1,12,15,10,7,19
15,21,18,24,18,9,4,11,14,25,5,10,18,6,29,12,-1,21,6,8,12,9,17,26,0,1,5,17,22,30
18,27,5,14,20,11,6,23,16,27,16,25,1,21,22,16,2,20,20,8,4,5,27,26,4,30,25,1,29,14
7,8,16,9,17,9,3,3,2,18,29,30,9,7,13,23,6,1,21,26,13,30,18,8,12,6,1,0,13,26
26,8,17,29,1,2,10,5,16,6,17,14,16,8,12,17,7,4,0,-1,26,18,21,4,17,23,8,5,1,28
-1,10,11,24,16,6,17,17,9,5,5,18,27,1,12,-1,9,22,11,-1,10,3,26,27,18,9,1,0,11,7
11,19,28,3,21,20,-1,27,12,5,29,3,5,10,16,22,18,16,16,9,18,3,27,0,17,8,4,13,24,22
0,0
29,29
end
